1.059594600000E+007
1.097527300000E+007
1.784353200000E+007
1.852128100000E+007
2.188201200000E+007
2.404576700000E+007
2.578363800000E+007
3.226584400000E+007
3.622753400000E+007
3.939506500000E+007
3.015213000000E+006
6.724416000000E+006
1.077856600000E+007
1.087238900000E+007
1.255491400000E+007
1.283402900000E+007
1.389555100000E+007
1.602089100000E+007
1.752518000000E+007
1.784353200000E+007
3.882790000000E+005
6.330470000000E+005
1.087705000000E+006
1.281248000000E+006
1.628711000000E+006
1.655054000000E+006
1.959651000000E+006
2.833172000000E+006
2.885478000000E+006
3.082105000000E+006
9.915550000000E+005
1.567686000000E+006
1.942624000000E+006
2.148870000000E+006
2.154552000000E+006
2.266151000000E+006
2.334320000000E+006
2.383985000000E+006
2.830004000000E+006
3.045836000000E+006
2.019374210000E+008
3.195887150000E+008
3.239221320000E+008
3.781545860000E+008
4.133421940000E+008
4.288384310000E+008
5.140329650000E+008
5.537642310000E+008
5.692247880000E+008
5.984082440000E+008
4.905118280000E+008
5.040883340000E+008
5.051427280000E+008
5.061333980000E+008
5.078661570000E+008
5.783708540000E+008
6.063628280000E+008
6.876785000000E+008
9.589974680000E+008
1.380211510000E+009
1.670980000000E+005
1.622884000000E+006
1.772064000000E+006
2.072071000000E+006
2.353623000000E+006
2.885478000000E+006
3.096147000000E+006
3.150490000000E+006
3.223745000000E+006
3.497188000000E+006
8.940300000000E+004
1.367290000000E+005
2.118970000000E+005
2.232600000000E+005
2.438480000000E+005
2.452530000000E+005
2.646640000000E+005
3.011630000000E+005
3.128740000000E+005
3.207140000000E+005
2.593210000000E+005
3.135620000000E+005
4.115330000000E+005
6.232640000000E+005
7.000590000000E+005
7.101580000000E+005
7.934180000000E+005
1.073179000000E+006
1.151651000000E+006
1.193647000000E+006
4.416000000000E+003
4.591000000000E+003
4.733000000000E+003
7.045000000000E+003
9.497000000000E+003
9.547000000000E+003
1.179400000000E+004
1.545400000000E+004
1.576700000000E+004
1.579200000000E+004
0.000000000000E+000
0.000000000000E+000
0.000000000000E+000
0.000000000000E+000
0.000000000000E+000
0.000000000000E+000
0.000000000000E+000
0.000000000000E+000
0.000000000000E+000
0.000000000000E+000
1.858411380000E+008
3.598150290000E+008
4.695211810000E+008
5.140329650000E+008
5.241613400000E+008
5.359439770000E+008
6.385129790000E+008
6.388111600000E+008
8.068809930000E+008
8.089075470000E+008
8.537270000000E+005
1.038617000000E+006
1.352628000000E+006
2.026092000000E+006
2.067666000000E+006
2.108665000000E+006
2.273110000000E+006
3.256639000000E+006
3.315570000000E+006
3.709139000000E+006
6.620200000000E+004
1.245680000000E+005
1.880780000000E+005
1.976020000000E+005
2.247680000000E+005
2.431210000000E+005
2.643400000000E+005
2.933360000000E+005
3.630720000000E+005
3.746820000000E+005
9.213596000000E+006
1.644459700000E+007
3.433230500000E+007
3.517738000000E+007
4.417830200000E+007
5.004277400000E+007
5.549292400000E+007
7.889705400000E+007
8.036272700000E+007
8.703746100000E+007
5.052270000000E+005
1.031490000000E+006
1.293944000000E+006
1.505301000000E+006
1.570282000000E+006
1.673917000000E+006
1.713182000000E+006
1.792307000000E+006
2.215183000000E+006
2.264403000000E+006
9.331790000000E+005
1.728086000000E+006
2.001344000000E+006
3.976838000000E+006
4.368184000000E+006
7.362684000000E+006
8.177722000000E+006
8.415102000000E+006
1.372960700000E+007
1.391042700000E+007
0.000000000000E+000
0.000000000000E+000
0.000000000000E+000
0.000000000000E+000
0.000000000000E+000
0.000000000000E+000
0.000000000000E+000
0.000000000000E+000
0.000000000000E+000
0.000000000000E+000
6.411897000000E+006
1.094250300000E+007
1.644459700000E+007
2.618411600000E+007
3.870410400000E+007
3.925344400000E+007
3.990936000000E+007
4.469028700000E+007
6.069382900000E+007
6.146276700000E+007
1.137100000000E+005
1.245680000000E+005
1.309950000000E+005
1.584240000000E+005
2.284920000000E+005
2.339840000000E+005
2.340920000000E+005
2.523790000000E+005
3.031350000000E+005
3.076470000000E+005
6.330470000000E+005
7.660900000000E+005
1.017611000000E+006
1.546895000000E+006
1.558274000000E+006
2.289440000000E+006
2.292630000000E+006
2.369784000000E+006
3.074699000000E+006
3.225842000000E+006
4.264843900000E+007
6.024543600000E+007
7.672280000000E+007
1.118357740000E+008
3.179443920000E+008
5.051427280000E+008
5.359439770000E+008
6.425712060000E+008
6.934122480000E+008
7.427795110000E+008
3.984630000000E+005
4.209900000000E+005
4.751750000000E+005
5.163450000000E+005
5.355520000000E+005
6.374550000000E+005
6.963520000000E+005
7.673540000000E+005
7.776580000000E+005
7.846740000000E+005
1.747403000000E+006
3.879886000000E+006
4.231891000000E+006
5.452765000000E+006
7.174179000000E+006
7.793720000000E+006
7.844938000000E+006
8.486955000000E+006
9.770410000000E+006
1.283402900000E+007
1.495063900000E+007
3.430219900000E+007
3.574609400000E+007
5.134602000000E+007
5.419112800000E+007
6.030467700000E+007
6.319126000000E+007
6.416708700000E+007
6.422061500000E+007
7.263094600000E+007
5.835580000000E+005
9.952710000000E+005
1.081364000000E+006
1.343521000000E+006
1.682787000000E+006
1.733960000000E+006
1.790505000000E+006
1.802061000000E+006
1.816376000000E+006
1.879673000000E+006
1.928770000000E+005
2.207350000000E+005
2.353170000000E+005
2.394160000000E+005
3.204050000000E+005
3.304820000000E+005
3.488870000000E+005
3.538340000000E+005
3.692670000000E+005
3.733610000000E+005
1.451650000000E+005
2.871160000000E+005
5.163450000000E+005
6.014040000000E+005
7.788840000000E+005
8.190200000000E+005
8.259210000000E+005
8.419830000000E+005
8.451350000000E+005
8.817910000000E+005
8.551300000000E+004
8.690200000000E+004
1.114090000000E+005
1.172920000000E+005
1.406340000000E+005
1.472540000000E+005
1.556810000000E+005
1.717230000000E+005
1.726990000000E+005
1.761470000000E+005
6.592761900000E+007
1.014386190000E+008
1.150992620000E+008
1.955565610000E+008
2.190393060000E+008
2.869092520000E+008
3.169338540000E+008
3.225474940000E+008
3.283193520000E+008
3.901009250000E+008
5.891420000000E+005
6.668240000000E+005
7.253840000000E+005
7.927360000000E+005
8.414550000000E+005
8.499720000000E+005
8.822810000000E+005
8.980700000000E+005
9.136060000000E+005
9.263330000000E+005
1.451650000000E+005
1.539170000000E+005
4.209900000000E+005
5.434140000000E+005
5.635280000000E+005
5.839110000000E+005
6.939840000000E+005
6.957340000000E+005
6.973570000000E+005
7.090360000000E+005
7.510200000000E+004
1.087280000000E+005
1.208830000000E+005
1.849390000000E+005
1.898270000000E+005
1.920860000000E+005
1.936210000000E+005
2.175350000000E+005
2.207780000000E+005
2.238100000000E+005
3.902211000000E+006
8.594096000000E+006
9.837809000000E+006
1.048385100000E+007
1.319407400000E+007
1.368612500000E+007
1.418762700000E+007
1.571709200000E+007
1.663228400000E+007
1.731371800000E+007
2.896350730000E+008
3.179443920000E+008
3.329681060000E+008
4.398394080000E+008
4.431495120000E+008
4.585390160000E+008
4.694387680000E+008
5.008911320000E+008
5.570866700000E+008
6.876785000000E+008
7.396340820000E+008
2.142304660000E+009
2.275296863000E+009
2.308682132000E+009
2.642180990000E+009
2.716302912000E+009
2.725295622000E+009
3.024057574000E+009
4.277690340000E+009
4.529657373000E+009
3.882790000000E+005
7.660900000000E+005
1.068987000000E+006
1.202262000000E+006
2.353623000000E+006
2.425517000000E+006
2.437722000000E+006
2.570340000000E+006
2.910546000000E+006
3.012013000000E+006
2.677862200000E+007
4.417830200000E+007
5.084493200000E+007
6.671291900000E+007
6.777777200000E+007
7.634440800000E+007
7.723537200000E+007
8.733878100000E+007
9.296382400000E+007
9.616874800000E+007
4.585390160000E+008
5.040883340000E+008
6.762149720000E+008
6.934122480000E+008
7.146189360000E+008
7.567282010000E+008
8.192586240000E+008
8.259786660000E+008
8.333158420000E+008
1.371587932000E+009
2.332018720500E+010
3.227066253200E+010
5.563019409000E+010
1.003044939050E+011
1.243960303280E+011
1.251581374030E+011
1.390640363020E+011
1.542733423310E+011
1.612005679500E+011
1.744499672360E+011
1.376548800000E+007
2.677862200000E+007
3.748145000000E+007
4.391857700000E+007
4.469028700000E+007
4.663303500000E+007
5.004277400000E+007
5.424001700000E+007
5.832063400000E+007
7.768262400000E+007
6.508030000000E+005
8.821720000000E+005
1.017611000000E+006
1.068987000000E+006
1.139595000000E+006
1.281248000000E+006
1.305061000000E+006
1.670503000000E+006
1.772064000000E+006
1.879712000000E+006
7.934180000000E+005
1.029201000000E+006
1.125295000000E+006
1.222967000000E+006
1.305061000000E+006
1.365310000000E+006
1.558274000000E+006
1.607217000000E+006
1.628711000000E+006
1.677124000000E+006
1.946874000000E+007
4.086524700000E+007
5.322992200000E+007
5.350601500000E+007
5.549292400000E+007
6.403181800000E+007
8.287183500000E+007
8.955111300000E+007
9.050665000000E+007
9.109920800000E+007
2.889420000000E+005
3.982470000000E+005
1.113843000000E+006
1.139595000000E+006
1.309895000000E+006
1.365310000000E+006
1.551514000000E+006
1.645623000000E+006
1.914970000000E+006
1.985671000000E+006
1.230907000000E+006
1.641393000000E+006
1.642975000000E+006
1.889526000000E+006
2.028324000000E+006
2.440812000000E+006
3.073218000000E+006
3.088217000000E+006
4.232697000000E+006
4.254027000000E+006
5.763850000000E+005
6.529470000000E+005
8.046850000000E+005
9.844790000000E+005
9.915550000000E+005
1.238710000000E+006
1.421732000000E+006
1.544108000000E+006
1.580493000000E+006
1.917707000000E+006
1.088000000000E+004
2.203200000000E+004
2.643300000000E+004
2.762200000000E+004
4.015400000000E+004
4.854400000000E+004
5.023800000000E+004
5.465400000000E+004
6.828900000000E+004
7.060700000000E+004
2.842430000000E+006
3.209287000000E+006
4.089768000000E+006
4.096998000000E+006
4.638135000000E+006
5.268133000000E+006
5.811984000000E+006
6.012997000000E+006
6.776458000000E+006
7.251837000000E+006
2.889420000000E+005
6.508030000000E+005
7.703050000000E+005
1.051965000000E+006
1.677124000000E+006
2.037915000000E+006
2.093397000000E+006
2.369784000000E+006
2.437984000000E+006
2.745486000000E+006
3.478107100000E+007
6.773394900000E+007
9.190433100000E+007
1.189754980000E+008
1.391713680000E+008
1.665978580000E+008
1.814834580000E+008
2.079132930000E+008
2.182888960000E+008
2.545965900000E+008
3.509530000000E+005
5.563190000000E+005
6.773050000000E+005
1.088730000000E+006
1.238710000000E+006
1.574995000000E+006
1.889526000000E+006
2.194682000000E+006
2.304421000000E+006
2.514779000000E+006
3.537080000000E+005
5.563190000000E+005
5.763850000000E+005
6.375270000000E+005
7.567400000000E+005
8.130480000000E+005
1.010562000000E+006
1.642975000000E+006
1.942624000000E+006
2.036096000000E+006
1.118357740000E+008
1.198096620000E+008
1.301385950000E+008
1.792692220000E+008
3.329681060000E+008
3.781545860000E+008
6.273571190000E+008
6.385129790000E+008
6.415851520000E+008
8.192586240000E+008
5.879000000000E+003
1.042900000000E+004
1.545400000000E+004
2.029400000000E+004
2.090000000000E+004
2.298000000000E+004
2.425800000000E+004
2.435200000000E+004
2.441700000000E+004
2.633300000000E+004
5.084493200000E+007
5.130335600000E+007
5.967588800000E+007
9.109920800000E+007
9.686602800000E+007
1.021655100000E+008
1.278288340000E+008
1.287886810000E+008
1.450423460000E+008
1.517163110000E+008
3.509530000000E+005
3.537080000000E+005
9.844790000000E+005
1.074843000000E+006
1.173274000000E+006
1.447278000000E+006
1.641393000000E+006
1.712546000000E+006
1.862695000000E+006
2.775142000000E+006
1.136083000000E+006
1.161367000000E+006
1.163141000000E+006
1.180974000000E+006
1.225298000000E+006
1.362716000000E+006
1.388951000000E+006
1.407362000000E+006
1.412595000000E+006
1.431420000000E+006
1.102900000000E+004
2.203200000000E+004
2.943500000000E+004
3.720000000000E+004
4.408600000000E+004
4.695600000000E+004
5.206000000000E+004
5.798900000000E+004
6.114400000000E+004
6.123200000000E+004
6.505700000000E+004
8.035600000000E+004
8.316100000000E+004
8.356700000000E+004
1.012020000000E+005
1.175230000000E+005
1.220630000000E+005
1.324490000000E+005
1.471870000000E+005
1.516350000000E+005
2.990310000000E+005
4.586180000000E+005
7.488380000000E+005
8.044780000000E+005
8.131190000000E+005
9.037930000000E+005
9.521870000000E+005
9.670200000000E+005
1.026579000000E+006
1.186707000000E+006
8.927500000000E+004
1.354230000000E+005
1.490060000000E+005
1.612490000000E+005
1.708520000000E+005
1.885740000000E+005
1.886600000000E+005
2.127030000000E+005
2.239710000000E+005
2.556310000000E+005
1.114090000000E+005
1.648790000000E+005
1.667560000000E+005
3.017830000000E+005
3.148940000000E+005
3.175700000000E+005
4.107370000000E+005
4.192640000000E+005
4.337410000000E+005
4.404910000000E+005
1.303990000000E+006
1.457381000000E+006
1.678178000000E+006
1.940094000000E+006
3.201041000000E+006
3.920813000000E+006
4.973940000000E+006
6.803028000000E+006
6.909658000000E+006
8.116337000000E+006
2.827776221274E+012
2.870757645133E+012
3.163219077632E+012
3.407596773950E+012
3.737540878353E+012
3.988884924085E+012
4.023835195746E+012
4.128105875452E+012
4.212372157083E+012
4.235460581486E+012
1.102055000000E+006
1.260114000000E+006
1.599962000000E+006
2.039241000000E+006
2.067666000000E+006
2.406801000000E+006
3.037986000000E+006
3.711168000000E+006
3.861705000000E+006
4.282878000000E+006
3.137800000000E+004
5.795600000000E+004
6.727600000000E+004
7.634800000000E+004
9.586000000000E+004
1.010980000000E+005
1.035420000000E+005
1.338990000000E+005
1.623530000000E+005
1.808740000000E+005
6.592761900000E+007
9.761767100000E+007
1.441249290000E+008
1.447114010000E+008
1.629783790000E+008
1.731242290000E+008
1.780048240000E+008
1.817496860000E+008
2.124151780000E+008
2.284652790000E+008
9.412330000000E+005
1.211237000000E+006
1.220203000000E+006
1.457381000000E+006
2.918720000000E+006
4.530819000000E+006
5.416852000000E+006
6.536647000000E+006
6.705084000000E+006
6.794156000000E+006
1.361230000000E+005
1.800450000000E+005
1.975420000000E+005
2.394060000000E+005
2.562500000000E+005
4.443730000000E+005
5.594510000000E+005
5.719860000000E+005
5.868910000000E+005
6.122150000000E+005
7.559400000000E+005
8.747170000000E+005
1.306113000000E+006
1.571970000000E+006
1.673917000000E+006
1.759153000000E+006
1.812252000000E+006
2.044676000000E+006
2.188168000000E+006
2.311517000000E+006
5.141200000000E+004
6.146100000000E+004
6.490400000000E+004
7.634800000000E+004
8.305400000000E+004
9.487900000000E+004
1.012340000000E+005
1.032060000000E+005
1.073410000000E+005
1.229070000000E+005
4.048030000000E+005
4.824680000000E+005
6.452590000000E+005
9.591060000000E+005
1.300856000000E+006
1.369232000000E+006
1.454443000000E+006
1.590081000000E+006
1.610644000000E+006
1.645598000000E+006
2.197857610000E+008
2.981030290000E+008
4.351113190000E+008
1.000166979000E+009
1.192901579000E+009
1.296659306000E+009
1.305191667000E+009
1.328012897000E+009
1.521575401000E+009
1.574696003000E+009
3.789510000000E+006
5.210985000000E+006
6.033574000000E+006
6.674778000000E+006
6.739593000000E+006
6.803028000000E+006
6.809102000000E+006
6.849900000000E+006
7.145243000000E+006
7.359575000000E+006
1.496392000000E+006
9.886408000000E+006
1.308017700000E+007
1.665776900000E+007
2.037376500000E+007
2.153333900000E+007
2.188201200000E+007
2.263401800000E+007
2.271253300000E+007
2.507873700000E+007
5.292979700000E+007
5.350601500000E+007
6.850209600000E+007
7.239054000000E+007
8.086625100000E+007
9.761767100000E+007
1.001402250000E+008
1.019622570000E+008
1.339956500000E+008
1.591953290000E+008
9.787360000000E+005
1.220203000000E+006
1.363880000000E+006
1.940094000000E+006
2.917500000000E+006
3.029325000000E+006
3.799110000000E+006
3.861705000000E+006
3.892991000000E+006
4.482876000000E+006
1.376290000000E+006
1.607334000000E+006
1.652347000000E+006
1.949108000000E+006
2.145655000000E+006
2.293106000000E+006
2.404228000000E+006
3.219319000000E+006
3.356308000000E+006
3.711168000000E+006
1.433920000000E+005
2.038180000000E+005
2.311380000000E+005
2.498190000000E+005
2.567850000000E+005
2.821020000000E+005
3.079620000000E+005
3.378170000000E+005
3.443310000000E+005
3.986000000000E+005
5.082810000000E+005
6.452590000000E+005
1.255370000000E+006
1.584051000000E+006
2.257043000000E+006
2.348787000000E+006
2.469804000000E+006
2.494566000000E+006
2.556497000000E+006
2.817653000000E+006
7.730700000000E+004
7.799400000000E+004
7.803400000000E+004
7.803400000000E+004
7.803400000000E+004
7.803400000000E+004
7.803400000000E+004
7.803400000000E+004
7.803400000000E+004
7.803400000000E+004
1.105092000000E+006
1.497134000000E+006
1.750111000000E+006
1.979967000000E+006
2.108665000000E+006
2.111559000000E+006
2.349571000000E+006
2.494566000000E+006
2.637529000000E+006
2.838752000000E+006
1.305305000000E+006
1.582784000000E+006
1.727872000000E+006
1.777566000000E+006
1.870670000000E+006
1.917707000000E+006
2.012210000000E+006
2.073069000000E+006
2.098152000000E+006
2.148870000000E+006
3.135930000000E+005
3.711790000000E+005
3.973390000000E+005
4.679740000000E+005
5.670910000000E+005
6.754940000000E+005
7.653310000000E+005
8.044780000000E+005
8.811160000000E+005
8.944280000000E+005
4.103310000000E+005
1.038617000000E+006
2.039241000000E+006
2.073069000000E+006
2.121115000000E+006
2.443227000000E+006
2.749932000000E+006
2.845402000000E+006
2.934919000000E+006
3.040964000000E+006
2.386310000000E+005
3.467620000000E+005
3.711790000000E+005
3.871750000000E+005
5.868910000000E+005
6.383080000000E+005
7.381080000000E+005
8.131190000000E+005
8.788440000000E+005
9.544820000000E+005
2.411970000000E+005
3.973390000000E+005
5.574540000000E+005
5.779000000000E+005
6.383080000000E+005
6.853680000000E+005
8.609550000000E+005
8.659390000000E+005
8.747170000000E+005
1.031490000000E+006
3.583970000000E+006
3.600162000000E+006
3.681500000000E+006
4.391728000000E+006
4.418545000000E+006
5.238627000000E+006
5.405775000000E+006
6.484013000000E+006
6.770882000000E+006
6.776874000000E+006
8.488300000000E+004
1.174540000000E+005
2.113100000000E+005
2.157040000000E+005
2.643400000000E+005
3.148940000000E+005
3.173300000000E+005
3.353200000000E+005
4.160260000000E+005
4.259020000000E+005
1.157327889000E+009
2.393472146000E+009
2.542942489000E+009
2.955548468000E+009
7.143249492000E+009
8.306227385000E+009
1.146874082400E+010
1.320365342600E+010
1.388268373000E+010
1.488057626700E+010
8.488300000000E+004
1.829410000000E+005
2.372710000000E+005
4.196690000000E+005
4.337410000000E+005
4.530990000000E+005
5.136350000000E+005
5.224230000000E+005
5.355520000000E+005
5.484750000000E+005
1.549400000000E+005
2.421260000000E+005
5.706830000000E+005
6.024030000000E+005
6.853680000000E+005
7.101580000000E+005
7.784330000000E+005
9.968450000000E+005
1.000355000000E+006
1.161234000000E+006
1.314620000000E+005
1.468850000000E+005
2.030870000000E+005
2.498190000000E+005
2.562500000000E+005
3.597750000000E+005
4.043950000000E+005
4.297700000000E+005
5.823330000000E+005
5.976900000000E+005
8.261000000000E+003
1.368700000000E+004
1.413400000000E+004
1.417300000000E+004
1.619700000000E+004
2.099800000000E+004
2.329500000000E+004
2.633300000000E+004
2.673200000000E+004
3.444400000000E+004
2.102680000000E+005
3.038510000000E+005
3.813210000000E+005
4.252810000000E+005
4.297700000000E+005
4.590940000000E+005
4.775570000000E+005
5.444930000000E+005
5.762720000000E+005
5.782990000000E+005
2.427500000000E+004
3.437100000000E+004
3.539900000000E+004
3.725800000000E+004
5.214600000000E+004
5.817000000000E+004
6.353100000000E+004
6.490400000000E+004
7.413400000000E+004
7.775000000000E+004
3.379620000000E+005
3.451640000000E+005
3.966810000000E+005
3.969270000000E+005
4.042760000000E+005
4.160910000000E+005
4.602520000000E+005
4.888240000000E+005
4.987670000000E+005
5.025590000000E+005
4.203900000000E+004
6.030600000000E+004
1.029740000000E+005
1.220700000000E+005
1.249300000000E+005
1.268410000000E+005
1.347130000000E+005
1.477540000000E+005
1.504270000000E+005
1.708520000000E+005
1.298480000000E+005
1.717680000000E+005
1.800450000000E+005
2.030870000000E+005
2.830490000000E+005
2.833900000000E+005
2.880450000000E+005
3.079620000000E+005
3.945850000000E+005
4.536720000000E+005
8.323500000000E+004
1.006870000000E+005
1.193510000000E+005
1.430170000000E+005
1.923590000000E+005
2.145830000000E+005
2.209700000000E+005
2.547320000000E+005
2.866340000000E+005
4.112850000000E+005
5.889300000000E+004
6.661000000000E+004
9.278700000000E+004
1.220700000000E+005
1.508030000000E+005
1.510070000000E+005
1.717230000000E+005
1.883410000000E+005
1.885740000000E+005
1.919390000000E+005
2.386310000000E+005
2.394060000000E+005
2.677310000000E+005
3.514580000000E+005
3.945850000000E+005
5.539500000000E+005
6.331330000000E+005
6.639760000000E+005
6.754940000000E+005
6.868140000000E+005
4.264843900000E+007
6.984773900000E+007
9.869023500000E+007
1.301385950000E+008
2.896350730000E+008
5.078661570000E+008
5.241613400000E+008
6.819374450000E+008
6.978493130000E+008
7.070441080000E+008
6.460250000000E+005
1.022393000000E+006
1.102055000000E+006
1.652347000000E+006
1.913245000000E+006
2.206396000000E+006
2.845402000000E+006
2.867529000000E+006
2.882815000000E+006
3.135171000000E+006
3.061700000000E+004
5.141200000000E+004
6.357200000000E+004
7.775000000000E+004
8.013900000000E+004
8.734700000000E+004
9.965700000000E+004
1.070950000000E+005
1.142500000000E+005
1.373660000000E+005
1.496392000000E+006
1.257541700000E+007
1.500751400000E+007
1.714260500000E+007
2.239886200000E+007
2.578363800000E+007
2.620042500000E+007
2.700190700000E+007
2.902065900000E+007
2.914149800000E+007
1.114090000000E+005
1.817060000000E+005
2.765050000000E+005
2.821020000000E+005
2.833900000000E+005
3.128880000000E+005
3.296100000000E+005
3.388530000000E+005
3.416120000000E+005
3.657600000000E+005
3.514580000000E+005
3.871750000000E+005
4.586180000000E+005
4.679740000000E+005
5.719860000000E+005
7.215110000000E+005
7.344910000000E+005
7.737890000000E+005
8.659390000000E+005
1.004579000000E+006
1.648790000000E+005
1.817060000000E+005
3.182600000000E+005
3.280450000000E+005
5.149250000000E+005
5.171900000000E+005
5.362660000000E+005
5.367650000000E+005
5.849660000000E+005
6.055240000000E+005
3.137800000000E+004
8.626200000000E+004
1.012340000000E+005
1.023480000000E+005
1.129000000000E+005
1.184610000000E+005
1.324680000000E+005
1.412360000000E+005
1.444640000000E+005
1.602310000000E+005
1.261140000000E+005
1.382810000000E+005
1.584240000000E+005
1.976020000000E+005
2.113100000000E+005
2.191440000000E+005
2.589460000000E+005
2.761260000000E+005
2.762720000000E+005
3.143640000000E+005
7.425460000000E+005
1.211237000000E+006
1.303990000000E+006
1.363880000000E+006
1.607593000000E+006
5.274306000000E+006
5.935370000000E+006
6.033574000000E+006
6.044555000000E+006
6.700555000000E+006
1.188080000000E+005
1.268410000000E+005
1.400070000000E+005
1.917550000000E+005
1.922310000000E+005
1.938400000000E+005
2.209700000000E+005
2.504590000000E+005
2.758710000000E+005
2.887640000000E+005
1.549400000000E+005
3.162220000000E+005
3.701030000000E+005
4.305130000000E+005
5.574540000000E+005
5.670910000000E+005
6.232640000000E+005
7.200580000000E+005
9.450790000000E+005
9.872990000000E+005
4.103310000000E+005
1.260114000000E+006
1.352628000000E+006
1.656302000000E+006
1.913245000000E+006
2.637054000000E+006
2.807010000000E+006
2.976068000000E+006
3.156159000000E+006
3.447341000000E+006
2.539946200000E+007
3.560123100000E+007
4.086524700000E+007
5.132900300000E+007
6.773394900000E+007
6.850209600000E+007
1.282259000000E+008
1.447114010000E+008
1.501923370000E+008
1.546530600000E+008
3.037164000000E+006
3.223745000000E+006
4.261787000000E+006
4.282591000000E+006
4.639746000000E+006
5.414993000000E+006
5.916894000000E+006
6.147774000000E+006
6.591001000000E+006
7.060113000000E+006
1.029201000000E+006
1.151651000000E+006
1.448012000000E+006
1.459644000000E+006
1.546895000000E+006
1.655054000000E+006
1.713559000000E+006
1.785638000000E+006
1.879712000000E+006
2.194588000000E+006
0.000000000000E+000
0.000000000000E+000
0.000000000000E+000
0.000000000000E+000
0.000000000000E+000
0.000000000000E+000
0.000000000000E+000
0.000000000000E+000
0.000000000000E+000
0.000000000000E+000
2.842430000000E+006
4.277570000000E+006
7.218642000000E+006
7.299543000000E+006
8.195370000000E+006
8.796139000000E+006
8.806982000000E+006
1.018212300000E+007
1.022806100000E+007
1.053185200000E+007
4.322258000000E+006
4.478783000000E+006
6.890101000000E+006
7.104422000000E+006
7.535605000000E+006
7.929796000000E+006
8.195370000000E+006
8.433843000000E+006
1.010301700000E+007
1.123063100000E+007
1.564600000000E+004
2.842700000000E+004
3.039600000000E+004
3.959600000000E+004
5.206000000000E+004
5.419000000000E+004
6.772100000000E+004
6.811400000000E+004
7.100200000000E+004
7.671500000000E+004
3.246000000000E+003
4.769000000000E+003
5.870000000000E+003
7.337000000000E+003
8.287000000000E+003
8.423000000000E+003
1.066800000000E+004
1.179400000000E+004
1.319300000000E+004
1.493100000000E+004
2.393472146000E+009
2.424633097000E+009
2.653072006000E+009
2.725295622000E+009
3.789311975000E+009
6.105784656000E+009
7.062116544000E+009
9.076700384000E+009
9.102705792000E+009
9.106375185000E+009
1.696535880000E+008
1.858411380000E+008
2.019374210000E+008
3.246609730000E+008
3.413381930000E+008
3.496210210000E+008
5.122017270000E+008
5.137178080000E+008
5.716706160000E+008
5.998284030000E+008
2.239886200000E+007
2.342560100000E+007
2.606799000000E+007
2.906533600000E+007
2.982283600000E+007
3.421056900000E+007
3.542621900000E+007
3.853660100000E+007
3.925344400000E+007
4.227282000000E+007
1.442897632000E+009
1.533640670000E+009
2.062602622000E+009
2.184355064000E+009
2.430444117000E+009
2.457612799000E+009
2.783355390000E+009
2.863772138000E+009
2.889937536000E+009
2.948985156000E+009
5.419000000000E+004
6.060100000000E+004
7.242600000000E+004
8.275600000000E+004
9.251800000000E+004
9.388600000000E+004
1.247960000000E+005
1.358100000000E+005
1.367920000000E+005
1.418080000000E+005
1.670331500000E+007
7.222903100000E+007
7.239054000000E+007
7.438378800000E+007
7.714995100000E+007
7.813825000000E+007
7.823164200000E+007
8.287183500000E+007
9.140778800000E+007
9.612520400000E+007
5.002512000000E+006
7.226087000000E+006
8.946727000000E+006
9.163375000000E+006
9.879429000000E+006
1.103313200000E+007
1.153800200000E+007
1.440620900000E+007
1.604422300000E+007
1.871422900000E+007
1.607334000000E+006
2.882815000000E+006
2.950860000000E+006
3.138186000000E+006
3.477696000000E+006
3.678816000000E+006
4.099295000000E+006
4.215847000000E+006
4.402926000000E+006
4.817089000000E+006
7.976000000000E+004
8.163700000000E+004
8.551300000000E+004
1.147350000000E+005
1.236930000000E+005
1.444640000000E+005
1.770040000000E+005
1.866660000000E+005
1.886600000000E+005
1.940470000000E+005
1.157327889000E+009
3.789311975000E+009
4.586891569000E+009
4.957280206000E+009
1.002967290000E+010
1.007702145100E+010
1.384368528100E+010
1.475508941500E+010
1.610089333300E+010
1.692903086800E+010
2.145655000000E+006
2.206396000000E+006
2.226291000000E+006
2.406801000000E+006
2.496605000000E+006
2.917500000000E+006
3.891774000000E+006
4.099295000000E+006
4.384707000000E+006
4.530819000000E+006
6.621690000000E+005
7.606460000000E+005
1.033854000000E+006
1.052211000000E+006
1.232503000000E+006
1.238751000000E+006
1.278733000000E+006
1.349008000000E+006
1.435706000000E+006
1.513972000000E+006
3.400498000000E+006
5.507225000000E+006
5.542786000000E+006
7.078568000000E+006
8.594096000000E+006
8.935236000000E+006
9.131499000000E+006
1.005214900000E+007
1.054618300000E+007
1.135595900000E+007
7.425460000000E+005
9.412330000000E+005
9.787360000000E+005
1.678178000000E+006
2.223533000000E+006
3.891774000000E+006
5.568203000000E+006
5.937195000000E+006
6.421593000000E+006
6.445043000000E+006
1.739648900000E+007
2.180345300000E+007
2.244882000000E+007
2.606799000000E+007
3.300236600000E+007
3.574609400000E+007
3.870410400000E+007
4.246895900000E+007
5.118495400000E+007
6.420108000000E+007
1.429186000000E+006
1.777566000000E+006
2.309975000000E+006
2.404228000000E+006
2.575077000000E+006
2.696055000000E+006
2.809238000000E+006
3.477696000000E+006
3.686873000000E+006
3.761450000000E+006
1.257541700000E+007
1.665776900000E+007
3.007629800000E+007
3.148418800000E+007
3.149739400000E+007
3.421056900000E+007
3.430219900000E+007
3.866572300000E+007
4.246895900000E+007
4.509038600000E+007
7.593300000000E+004
8.323500000000E+004
1.391060000000E+005
1.759800000000E+005
1.783240000000E+005
1.922310000000E+005
2.124380000000E+005
2.505730000000E+005
3.429410000000E+005
4.101190000000E+005
3.814200000000E+004
4.729100000000E+004
5.354800000000E+004
6.076100000000E+004
7.976000000000E+004
9.586000000000E+004
1.023480000000E+005
1.099520000000E+005
1.114090000000E+005
2.090870000000E+005
2.427500000000E+004
2.544600000000E+004
3.196500000000E+004
4.476000000000E+004
4.675700000000E+004
5.029300000000E+004
7.962800000000E+004
8.902600000000E+004
9.388600000000E+004
9.487900000000E+004
1.592541480000E+008
1.695241220000E+008
2.835294640000E+008
6.156427840000E+008
6.549609480000E+008
7.224179750000E+008
7.364250670000E+008
7.973944490000E+008
8.187726990000E+008
9.054396560000E+008
4.687201400000E+007
1.592541480000E+008
3.047320360000E+008
5.567841640000E+008
5.786366670000E+008
6.696994000000E+008
8.075716530000E+008
8.427017120000E+008
8.828672860000E+008
9.359393620000E+008
3.736580000000E+005
4.865130000000E+005
5.586630000000E+005
6.311050000000E+005
6.545720000000E+005
8.153830000000E+005
8.471620000000E+005
9.397500000000E+005
1.102509000000E+006
1.262971000000E+006
5.056908000000E+006
5.983013000000E+006
6.783108000000E+006
7.918169000000E+006
8.486955000000E+006
9.213494000000E+006
1.010301700000E+007
1.321500400000E+007
1.362686000000E+007
1.922431700000E+007
2.436352200000E+007
6.024543600000E+007
6.984773900000E+007
1.198096620000E+008
3.598150290000E+008
5.008911320000E+008
5.692247880000E+008
5.998284030000E+008
6.063628280000E+008
8.333158420000E+008
9.478400000000E+005
1.495668000000E+006
1.520582000000E+006
1.645623000000E+006
1.992445000000E+006
2.037915000000E+006
2.685578000000E+006
2.708727000000E+006
2.730053000000E+006
3.015412000000E+006
1.755465200000E+007
5.130335600000E+007
5.132900300000E+007
5.322992200000E+007
6.358602500000E+007
1.001402250000E+008
1.001599120000E+008
1.094317820000E+008
1.189754980000E+008
1.263041840000E+008
3.015213000000E+006
5.559155000000E+006
9.691972000000E+006
9.770410000000E+006
1.011122300000E+007
1.200979200000E+007
1.279764500000E+007
1.328634500000E+007
1.806841800000E+007
1.852128100000E+007
2.162015000000E+006
2.434581000000E+006
2.824649000000E+006
4.202452000000E+006
4.322258000000E+006
6.796661000000E+006
7.844938000000E+006
7.918169000000E+006
9.187727000000E+006
9.955256000000E+006
2.434581000000E+006
3.853386000000E+006
3.924990000000E+006
4.239505000000E+006
4.347923000000E+006
4.958538000000E+006
5.795104000000E+006
6.683778000000E+006
6.890101000000E+006
7.174179000000E+006
4.048030000000E+005
6.024030000000E+005
6.179110000000E+005
9.872990000000E+005
1.122778000000E+006
1.193647000000E+006
1.254323000000E+006
1.255370000000E+006
1.387889000000E+006
1.493131000000E+006
1.945214500000E+007
2.618411600000E+007
2.982283600000E+007
3.300236600000E+007
3.433230500000E+007
3.908754900000E+007
5.424001700000E+007
5.580973700000E+007
6.722696400000E+007
7.671701300000E+007
3.196500000000E+004
4.352500000000E+004
5.214600000000E+004
7.014800000000E+004
7.141900000000E+004
8.149500000000E+004
8.305400000000E+004
8.492800000000E+004
9.588100000000E+004
1.373660000000E+005
3.644900000000E+004
1.697820000000E+005
1.763100000000E+005
1.846410000000E+005
1.920860000000E+005
1.974500000000E+005
2.027290000000E+005
2.029370000000E+005
2.378480000000E+005
2.523070000000E+005
4.549500000000E+004
6.030600000000E+004
6.661000000000E+004
7.494900000000E+004
1.268670000000E+005
1.490060000000E+005
1.776810000000E+005
1.849390000000E+005
1.873180000000E+005
1.880150000000E+005
2.546096000000E+006
2.669185000000E+006
3.976838000000E+006
4.959118000000E+006
5.507225000000E+006
6.864491000000E+006
6.960396000000E+006
8.615975000000E+006
9.443528000000E+006
1.092430800000E+007
1.433920000000E+005
1.468850000000E+005
1.717680000000E+005
2.831860000000E+005
3.427750000000E+005
3.517010000000E+005
3.653100000000E+005
3.657600000000E+005
4.404910000000E+005
4.443730000000E+005
4.729100000000E+004
5.139400000000E+004
8.163700000000E+004
1.021760000000E+005
1.172920000000E+005
1.184610000000E+005
1.218330000000E+005
1.219190000000E+005
1.338990000000E+005
1.354230000000E+005
7.662070000000E+005
1.305305000000E+006
2.190629000000E+006
2.253727000000E+006
2.342507000000E+006
2.383985000000E+006
2.575077000000E+006
3.040964000000E+006
3.175318000000E+006
3.219319000000E+006
1.298480000000E+005
1.361230000000E+005
2.677310000000E+005
3.149230000000E+005
3.415980000000E+005
3.416120000000E+005
3.653100000000E+005
4.043950000000E+005
4.544930000000E+005
4.978960000000E+005
2.853400000000E+004
4.867400000000E+004
5.354800000000E+004
5.795600000000E+004
8.573500000000E+004
8.626200000000E+004
1.219190000000E+005
1.453860000000E+005
1.726990000000E+005
1.866660000000E+005
1.470000000000E+002
1.470000000000E+002
1.470000000000E+002
1.470000000000E+002
1.470000000000E+002
1.470000000000E+002
1.470000000000E+002
1.470000000000E+002
1.470000000000E+002
1.470000000000E+002
6.954200000000E+004
7.137500000000E+004
1.079000000000E+005
3.263050000000E+005
3.559580000000E+005
3.865080000000E+005
4.250850000000E+005
5.322870000000E+005
5.444930000000E+005
6.623890000000E+005
4.894900000000E+004
8.149500000000E+004
8.347500000000E+004
8.902600000000E+004
9.654600000000E+004
1.297480000000E+005
1.426990000000E+005
2.008470000000E+005
2.114890000000E+005
2.348440000000E+005
5.870000000000E+003
6.116000000000E+003
8.261000000000E+003
9.943000000000E+003
1.198300000000E+004
1.398100000000E+004
2.242300000000E+004
2.298000000000E+004
2.392600000000E+004
2.599800000000E+004
2.081600000000E+004
3.725800000000E+004
4.912800000000E+004
5.029300000000E+004
7.014800000000E+004
8.347500000000E+004
9.185900000000E+004
9.836900000000E+004
1.032060000000E+005
1.488620000000E+005
1.713530000000E+005
1.841380000000E+005
2.038180000000E+005
2.112870000000E+005
2.527180000000E+005
2.890780000000E+005
3.058830000000E+005
3.296100000000E+005
3.559580000000E+005
4.252810000000E+005
3.811000000000E+003
4.315000000000E+003
5.842000000000E+003
6.414000000000E+003
8.287000000000E+003
9.497000000000E+003
1.085000000000E+004
1.113200000000E+004
1.398100000000E+004
1.473000000000E+004
1.870000000000E+003
5.277000000000E+003
5.277000000000E+003
5.277000000000E+003
5.277000000000E+003
5.277000000000E+003
5.277000000000E+003
5.277000000000E+003
5.277000000000E+003
5.277000000000E+003
7.964800000000E+004
1.010980000000E+005
1.429500000000E+005
1.453860000000E+005
1.488620000000E+005
1.797720000000E+005
1.978840000000E+005
2.077480000000E+005
2.155500000000E+005
2.167460000000E+005
3.246000000000E+003
4.315000000000E+003
6.116000000000E+003
8.287000000000E+003
9.748000000000E+003
1.196900000000E+004
1.227100000000E+004
1.230300000000E+004
1.310900000000E+004
1.579200000000E+004
1.993900000000E+004
2.673200000000E+004
2.990100000000E+004
3.578100000000E+004
4.396800000000E+004
4.525900000000E+004
4.574400000000E+004
4.725000000000E+004
5.370700000000E+004
5.396300000000E+004
2.338100000000E+004
5.052600000000E+004
6.954200000000E+004
1.195090000000E+005
2.527180000000E+005
2.652600000000E+005
2.713770000000E+005
4.253190000000E+005
5.005580000000E+005
5.074470000000E+005
1.674299000000E+007
2.197857610000E+008
4.431495120000E+008
5.235587600000E+008
6.005722360000E+008
6.549609480000E+008
6.696994000000E+008
7.216576330000E+008
8.859726320000E+008
9.208719160000E+008
2.081600000000E+004
4.675700000000E+004
4.894900000000E+004
5.817000000000E+004
6.737200000000E+004
8.478300000000E+004
8.492800000000E+004
1.261270000000E+005
1.282190000000E+005
1.649920000000E+005
2.853400000000E+004
3.814200000000E+004
7.237400000000E+004
1.002410000000E+005
1.035420000000E+005
1.218330000000E+005
1.324680000000E+005
1.556810000000E+005
1.770040000000E+005
2.155500000000E+005
2.544600000000E+004
3.005000000000E+004
3.437100000000E+004
4.352500000000E+004
7.040400000000E+004
7.242600000000E+004
8.478300000000E+004
9.185900000000E+004
1.070950000000E+005
1.229070000000E+005
2.411970000000E+005
5.052270000000E+005
7.559400000000E+005
9.450790000000E+005
9.968450000000E+005
1.026510000000E+006
1.088530000000E+006
1.296382000000E+006
1.337805000000E+006
1.413343000000E+006
9.654600000000E+004
1.005800000000E+005
1.119110000000E+005
1.247960000000E+005
1.275580000000E+005
1.282190000000E+005
1.657320000000E+005
1.827550000000E+005
1.989730000000E+005
2.009480000000E+005
1.539170000000E+005
2.871160000000E+005
5.642460000000E+005
5.976370000000E+005
6.278890000000E+005
6.486650000000E+005
6.567510000000E+005
6.621690000000E+005
7.073720000000E+005
8.431650000000E+005
3.005000000000E+004
6.353100000000E+004
7.141900000000E+004
7.962800000000E+004
8.734700000000E+004
9.372200000000E+004
1.073410000000E+005
1.339490000000E+005
1.358100000000E+005
1.542170000000E+005
1.812426795600E+010
2.043192967700E+010
2.321717648300E+010
2.904181691700E+010
3.002202400900E+010
3.385679706500E+010
3.398429872200E+010
3.571991005300E+010
3.783689632500E+010
4.463235174100E+010
7.484446150000E+008
1.092362853000E+009
1.105518816000E+009
1.285142452000E+009
1.302203650000E+009
1.400777929000E+009
1.479469826000E+009
1.485339170000E+009
1.535164782000E+009
1.612338540000E+009
5.102343000000E+006
6.660086000000E+006
7.752968000000E+006
8.177722000000E+006
8.832162000000E+006
9.272330000000E+006
9.443528000000E+006
1.005214900000E+007
1.480377500000E+007
1.833791300000E+007
1.839100000000E+004
2.842700000000E+004
2.943500000000E+004
3.765000000000E+004
4.446500000000E+004
4.893700000000E+004
6.060100000000E+004
7.060700000000E+004
7.525100000000E+004
8.455100000000E+004
4.203900000000E+004
4.549500000000E+004
5.889300000000E+004
9.668400000000E+004
1.188080000000E+005
1.295370000000E+005
1.406340000000E+005
1.476300000000E+005
1.612490000000E+005
1.661480000000E+005
4.999062400000E+007
8.086625100000E+007
1.060362660000E+008
1.094317820000E+008
1.601085330000E+008
1.669980560000E+008
1.738635050000E+008
1.957819180000E+008
2.182888960000E+008
2.269525950000E+008
3.831509000000E+006
4.277570000000E+006
4.418545000000E+006
5.959334000000E+006
6.776458000000E+006
7.097369000000E+006
7.498518000000E+006
9.310372000000E+006
9.538473000000E+006
9.908288000000E+006
4.718000000000E+003
4.769000000000E+003
9.547000000000E+003
9.943000000000E+003
1.042900000000E+004
1.227100000000E+004
1.299200000000E+004
1.413400000000E+004
1.489600000000E+004
1.567900000000E+004
1.491281880100E+010
2.904181691700E+010
4.168710116200E+010
5.563019409000E+010
8.061791368900E+010
8.944417554000E+010
9.039079613200E+010
1.145588652270E+011
1.164571217100E+011
1.221739160600E+011
8.570118100000E+007
9.895490900000E+007
1.035222360000E+008
1.065264130000E+008
1.067089750000E+008
1.070015170000E+008
1.084402350000E+008
1.191385650000E+008
1.202033200000E+008
1.265967000000E+008
2.225053000000E+006
2.370968000000E+006
2.412370000000E+006
2.660263000000E+006
3.150490000000E+006
3.179242000000E+006
3.274249000000E+006
3.396900000000E+006
3.484234000000E+006
3.583970000000E+006
4.824680000000E+005
5.082810000000E+005
1.098438000000E+006
1.254323000000E+006
2.349571000000E+006
2.405999000000E+006
2.465634000000E+006
2.491876000000E+006
2.523379000000E+006
2.578248000000E+006
1.200363000000E+006
1.255216000000E+006
1.544608000000E+006
3.823216000000E+006
3.924990000000E+006
4.150764000000E+006
5.659819000000E+006
6.291291000000E+006
6.292800000000E+006
9.970201000000E+006
7.000590000000E+005
8.823300000000E+005
8.991780000000E+005
1.222967000000E+006
1.231891000000E+006
1.250116000000E+006
1.448012000000E+006
1.590081000000E+006
1.642743000000E+006
1.645122000000E+006
6.620200000000E+004
1.134860000000E+005
1.137100000000E+005
1.594070000000E+005
2.191440000000E+005
2.605390000000E+005
2.720410000000E+005
2.913380000000E+005
2.967110000000E+005
3.196400000000E+005
6.648700000000E+004
7.715000000000E+004
9.259400000000E+004
1.086510000000E+005
2.286670000000E+005
2.619870000000E+005
3.014840000000E+005
3.048180000000E+005
3.133500000000E+005
3.324440000000E+005
3.168571000000E+006
3.879886000000E+006
5.983013000000E+006
6.205756000000E+006
8.083482000000E+006
8.168735000000E+006
9.621727000000E+006
1.023792200000E+007
1.039808700000E+007
1.048385100000E+007
1.615420000000E+005
2.009820000000E+005
2.032480000000E+005
2.079360000000E+005
2.145830000000E+005
2.713770000000E+005
3.058830000000E+005
3.229970000000E+005
3.378170000000E+005
3.633690000000E+005
9.213596000000E+006
1.094250300000E+007
2.457182800000E+007
3.908754900000E+007
4.996750900000E+007
6.185325800000E+007
6.403181800000E+007
6.761969300000E+007
6.836315300000E+007
7.222903100000E+007
1.755465200000E+007
1.946874000000E+007
3.560123100000E+007
5.292979700000E+007
5.967588800000E+007
8.127115100000E+007
8.992147200000E+007
1.040152120000E+008
1.060362660000E+008
1.158869820000E+008
9.886408000000E+006
1.011122300000E+007
1.059594600000E+007
1.077856600000E+007
1.346955900000E+007
1.500751400000E+007
1.530108000000E+007
1.676012300000E+007
1.813615900000E+007
1.861970800000E+007
1.110356000000E+006
1.544608000000E+006
2.911675000000E+006
2.945323000000E+006
6.058294000000E+006
6.267504000000E+006
7.040286000000E+006
8.709484000000E+006
8.992342000000E+006
1.081163400000E+007
2.338100000000E+004
5.633300000000E+004
7.137500000000E+004
1.225240000000E+005
2.032480000000E+005
2.075810000000E+005
2.112870000000E+005
3.988560000000E+005
4.172430000000E+005
4.590940000000E+005
1.467500000000E+005
1.976420000000E+005
2.029370000000E+005
2.589460000000E+005
3.454710000000E+005
4.687270000000E+005
4.919610000000E+005
5.317880000000E+005
5.463600000000E+005
5.604520000000E+005
3.902000000000E+004
5.248800000000E+004
1.006870000000E+005
1.249300000000E+005
1.783240000000E+005
2.079360000000E+005
2.154050000000E+005
2.646080000000E+005
2.758710000000E+005
3.160250000000E+005
1.925140000000E+005
2.053930000000E+005
2.075810000000E+005
2.311380000000E+005
2.652600000000E+005
2.831860000000E+005
2.890780000000E+005
3.038510000000E+005
3.229970000000E+005
3.597750000000E+005
9.250000000000E+002
2.280000000000E+003
4.733000000000E+003
5.842000000000E+003
5.910000000000E+003
8.184000000000E+003
1.230300000000E+004
1.319300000000E+004
1.626400000000E+004
1.785200000000E+004
6.586344000000E+006
7.362684000000E+006
8.832162000000E+006
8.895593000000E+006
1.069933400000E+007
1.356149800000E+007
1.474972200000E+007
2.562201700000E+007
2.750825900000E+007
2.941223900000E+007
1.674299000000E+007
2.981030290000E+008
4.398394080000E+008
4.977845660000E+008
5.567841640000E+008
6.156427840000E+008
6.317997700000E+008
7.312427210000E+008
8.548162600000E+008
8.807943100000E+008
2.673992000000E+006
3.400498000000E+006
3.997218000000E+006
5.006121000000E+006
6.864491000000E+006
1.055909000000E+007
1.090281900000E+007
1.110362800000E+007
1.113655800000E+007
1.213019800000E+007
2.244882000000E+007
2.601514100000E+007
3.990936000000E+007
4.964432700000E+007
4.996750900000E+007
5.134602000000E+007
6.607557900000E+007
6.722696400000E+007
7.438378800000E+007
7.643525600000E+007
1.429186000000E+006
2.207230000000E+006
2.253727000000E+006
2.293106000000E+006
2.300199000000E+006
2.575482000000E+006
2.867456000000E+006
2.895630000000E+006
3.754399000000E+006
4.826379000000E+006
1.942001000000E+006
3.789510000000E+006
3.853386000000E+006
3.909740000000E+006
4.150764000000E+006
4.160434000000E+006
5.244926000000E+006
5.649045000000E+006
6.058294000000E+006
6.690127000000E+006
7.967360000000E+005
9.591060000000E+005
1.002560000000E+006
1.098438000000E+006
1.101085000000E+006
1.123124000000E+006
1.197062000000E+006
1.234661000000E+006
1.387889000000E+006
1.435651000000E+006
6.460250000000E+005
8.396940000000E+005
1.376290000000E+006
1.599962000000E+006
1.656302000000E+006
2.098152000000E+006
2.121115000000E+006
2.183620000000E+006
2.190629000000E+006
2.496605000000E+006
1.670331500000E+007
4.619574800000E+007
5.580973700000E+007
6.069382900000E+007
6.185325800000E+007
6.607557900000E+007
7.008368900000E+007
7.889705400000E+007
8.152575500000E+007
9.050665000000E+007
6.411897000000E+006
1.739648900000E+007
1.945214500000E+007
2.342560100000E+007
2.457182800000E+007
2.601514100000E+007
3.517738000000E+007
4.240601200000E+007
4.619574800000E+007
5.832063400000E+007
6.761969300000E+007
7.823164200000E+007
8.955111300000E+007
1.021620490000E+008
1.169451480000E+008
1.250970270000E+008
1.254731680000E+008
1.282259000000E+008
1.339956500000E+008
1.393898770000E+008
1.482637000000E+006
1.914294000000E+006
2.001344000000E+006
2.546096000000E+006
2.970980000000E+006
8.422432000000E+006
9.025573000000E+006
9.131499000000E+006
9.272330000000E+006
1.090281900000E+007
2.027600000000E+004
2.352000000000E+004
3.720000000000E+004
3.834000000000E+004
3.959600000000E+004
4.015400000000E+004
4.465700000000E+004
4.893700000000E+004
6.505700000000E+004
7.212000000000E+004
1.134860000000E+005
1.234850000000E+005
1.481610000000E+005
1.619530000000E+005
1.826010000000E+005
1.880780000000E+005
1.898270000000E+005
2.112200000000E+005
2.311020000000E+005
2.314660000000E+005
2.593210000000E+005
3.225080000000E+005
4.305130000000E+005
5.058130000000E+005
5.544840000000E+005
7.784330000000E+005
8.811160000000E+005
8.991780000000E+005
1.033269000000E+006
1.125295000000E+006
4.000000000000E+001
4.000000000000E+001
4.000000000000E+001
4.000000000000E+001
4.000000000000E+001
4.000000000000E+001
4.000000000000E+001
4.000000000000E+001
4.000000000000E+001
4.000000000000E+001
1.110356000000E+006
1.255216000000E+006
1.314139000000E+006
2.627433000000E+006
3.878180000000E+006
3.909740000000E+006
5.755024000000E+006
6.683778000000E+006
6.909658000000E+006
8.675612000000E+006
1.685278000000E+007
1.868863300000E+007
1.949162800000E+007
1.971508300000E+007
2.202482400000E+007
2.209139900000E+007
2.380392400000E+007
2.389787100000E+007
2.394146800000E+007
2.412052300000E+007
3.135930000000E+005
3.467620000000E+005
5.779000000000E+005
5.835580000000E+005
6.331330000000E+005
7.200580000000E+005
7.215110000000E+005
7.967360000000E+005
1.115443000000E+006
1.161234000000E+006
1.495063900000E+007
2.180345300000E+007
2.700190700000E+007
3.007629800000E+007
3.508949100000E+007
3.853660100000E+007
4.159656600000E+007
4.240601200000E+007
4.905703200000E+007
4.964432700000E+007
1.564600000000E+004
1.972600000000E+004
2.027600000000E+004
4.446500000000E+004
4.631300000000E+004
6.123200000000E+004
6.587400000000E+004
7.713100000000E+004
7.743200000000E+004
8.275600000000E+004
5.405141210000E+008
2.142304660000E+009
2.382483591000E+009
2.653072006000E+009
2.955548468000E+009
3.748510158000E+009
4.581506292000E+009
4.586891569000E+009
5.211261963000E+009
5.500470020000E+009
1.919000000000E+003
2.280000000000E+003
4.000000000000E+003
4.591000000000E+003
6.414000000000E+003
7.337000000000E+003
8.287000000000E+003
8.758000000000E+003
1.299200000000E+004
1.364600000000E+004
9.190433100000E+007
1.514155810000E+008
1.546530600000E+008
1.696535880000E+008
1.731242290000E+008
1.738635050000E+008
1.748769620000E+008
1.911876040000E+008
1.952983450000E+008
2.392351090000E+008
2.673992000000E+006
3.413703000000E+006
4.973940000000E+006
5.935370000000E+006
6.213891000000E+006
6.536647000000E+006
7.078568000000E+006
7.113158000000E+006
7.226087000000E+006
7.549636000000E+006
7.593300000000E+004
1.938400000000E+005
2.473040000000E+005
2.547320000000E+005
2.753030000000E+005
2.759330000000E+005
2.807330000000E+005
2.816340000000E+005
3.125460000000E+005
3.473490000000E+005
1.491281880100E+010
2.332018720500E+010
3.512345336300E+010
5.821614742800E+010
9.971002441200E+010
1.069020875670E+011
1.183662750950E+011
1.390238959940E+011
1.421618432690E+011
1.562101815850E+011
8.396940000000E+005
1.022393000000E+006
1.582784000000E+006
1.918252000000E+006
1.949108000000E+006
2.149638000000E+006
2.207230000000E+006
2.342507000000E+006
2.807010000000E+006
2.809238000000E+006
1.174540000000E+005
1.667560000000E+005
2.372710000000E+005
2.933360000000E+005
3.143640000000E+005
3.976190000000E+005
3.984630000000E+005
4.131460000000E+005
4.156080000000E+005
4.403680000000E+005
2.627433000000E+006
2.911675000000E+006
3.201041000000E+006
3.413703000000E+006
3.981977000000E+006
5.006121000000E+006
5.659819000000E+006
6.044555000000E+006
6.225394000000E+006
6.690127000000E+006
8.095900000000E+004
9.259400000000E+004
1.129000000000E+005
1.142500000000E+005
1.222660000000E+005
1.346820000000E+005
1.523480000000E+005
1.792950000000E+005
1.840900000000E+005
2.191470000000E+005
2.990310000000E+005
6.668560000000E+005
7.653310000000E+005
7.737890000000E+005
8.051130000000E+005
8.788440000000E+005
9.448890000000E+005
1.033269000000E+006
1.038946000000E+006
1.098904000000E+006
1.088000000000E+004
2.888400000000E+004
3.834000000000E+004
3.901800000000E+004
4.408600000000E+004
4.594500000000E+004
6.587400000000E+004
6.811400000000E+004
7.555600000000E+004
7.670400000000E+004
3.644900000000E+004
1.331100000000E+005
1.403150000000E+005
1.539810000000E+005
1.936210000000E+005
1.976420000000E+005
2.112200000000E+005
2.128140000000E+005
2.435540000000E+005
2.617280000000E+005
1.939800000000E+004
3.672300000000E+004
4.631300000000E+004
7.671500000000E+004
7.975300000000E+004
1.034550000000E+005
1.367290000000E+005
1.446750000000E+005
1.645320000000E+005
1.653970000000E+005
2.084247800000E+007
2.101318800000E+007
2.144106400000E+007
2.192645900000E+007
2.210791600000E+007
2.261619700000E+007
2.291123700000E+007
2.310277200000E+007
2.319349600000E+007
2.320985000000E+007
2.696055000000E+006
3.714170000000E+006
3.757642000000E+006
3.831509000000E+006
4.030126000000E+006
4.057736000000E+006
4.342475000000E+006
4.355145000000E+006
4.391728000000E+006
4.690141000000E+006
6.375270000000E+005
9.257010000000E+005
1.074843000000E+006
1.088730000000E+006
1.200773000000E+006
1.421732000000E+006
1.953465000000E+006
1.969683000000E+006
2.028324000000E+006
2.266151000000E+006
1.097527300000E+007
1.376548800000E+007
1.801123600000E+007
3.542621900000E+007
3.731583100000E+007
3.894345300000E+007
4.117270500000E+007
4.371089500000E+007
4.956320800000E+007
5.001647700000E+007
5.783708540000E+008
7.396340820000E+008
8.259786660000E+008
1.030717812000E+009
1.662704346000E+009
1.743187116000E+009
1.897621898000E+009
1.906015931000E+009
2.053275592000E+009
2.184355064000E+009
3.168571000000E+006
4.231891000000E+006
4.334911000000E+006
5.559155000000E+006
6.724416000000E+006
8.654662000000E+006
9.025573000000E+006
1.187905500000E+007
1.321500400000E+007
1.337845600000E+007
3.833000000000E+005
6.091340000000E+005
7.567400000000E+005
8.046850000000E+005
8.133530000000E+005
1.200773000000E+006
1.447278000000E+006
1.574995000000E+006
2.127558000000E+006
2.154552000000E+006
1.829410000000E+005
2.157040000000E+005
2.247680000000E+005
2.909270000000E+005
2.913380000000E+005
3.443970000000E+005
3.541100000000E+005
3.641400000000E+005
3.647740000000E+005
3.793920000000E+005
5.139400000000E+004
6.076100000000E+004
8.573500000000E+004
8.690200000000E+004
1.002410000000E+005
1.147350000000E+005
1.476300000000E+005
1.504270000000E+005
1.602310000000E+005
1.623530000000E+005
5.248800000000E+004
1.029740000000E+005
1.141060000000E+005
1.193510000000E+005
1.295370000000E+005
1.400070000000E+005
1.615420000000E+005
1.759800000000E+005
1.873180000000E+005
2.580260000000E+005
3.902000000000E+004
1.141060000000E+005
1.391060000000E+005
1.430170000000E+005
1.477540000000E+005
2.234170000000E+005
2.369150000000E+005
2.753030000000E+005
3.089040000000E+005
3.135350000000E+005
4.912800000000E+004
6.737200000000E+004
7.413400000000E+004
1.167270000000E+005
1.266630000000E+005
1.429500000000E+005
1.430190000000E+005
1.497360000000E+005
1.625060000000E+005
1.738940000000E+005
1.195090000000E+005
1.223610000000E+005
1.225240000000E+005
1.713530000000E+005
2.009820000000E+005
2.053930000000E+005
2.567850000000E+005
3.175700000000E+005
3.263050000000E+005
3.280450000000E+005
3.061700000000E+004
3.539900000000E+004
4.476000000000E+004
6.146100000000E+004
7.040400000000E+004
9.372200000000E+004
9.588100000000E+004
9.836900000000E+004
1.239960000000E+005
1.261270000000E+005
1.431043000000E+006
1.728086000000E+006
1.914294000000E+006
4.002660000000E+006
4.959118000000E+006
7.700304000000E+006
7.752968000000E+006
1.069933400000E+007
1.357145300000E+007
1.508807700000E+007
3.833000000000E+005
6.529470000000E+005
9.495030000000E+005
1.010562000000E+006
1.556678000000E+006
1.567686000000E+006
1.712546000000E+006
1.727872000000E+006
1.969683000000E+006
2.304421000000E+006
4.002660000000E+006
4.368184000000E+006
5.068621000000E+006
6.586344000000E+006
6.660086000000E+006
8.422432000000E+006
1.308017700000E+007
1.314043600000E+007
1.714260500000E+007
1.801324200000E+007
7.662070000000E+005
2.012210000000E+006
2.149638000000E+006
2.183620000000E+006
2.334320000000E+006
2.575482000000E+006
3.323599000000E+006
3.447508000000E+006
3.690793000000E+006
3.885925000000E+006
9.331790000000E+005
1.431043000000E+006
1.482637000000E+006
2.669185000000E+006
5.068621000000E+006
5.102343000000E+006
7.395209000000E+006
8.895593000000E+006
8.935236000000E+006
1.262636400000E+007
1.167747000000E+006
3.633429000000E+006
3.823216000000E+006
3.878180000000E+006
4.160434000000E+006
4.370116000000E+006
4.654745000000E+006
6.076839000000E+006
6.267504000000E+006
6.643586000000E+006
1.261140000000E+005
1.331100000000E+005
1.467500000000E+005
1.846410000000E+005
2.200410000000E+005
2.649720000000E+005
3.173300000000E+005
3.294680000000E+005
3.464660000000E+005
3.478220000000E+005
3.002202400900E+010
3.013501910200E+010
3.113727761100E+010
3.227066253200E+010
3.512345336300E+010
3.843279158400E+010
4.168710116200E+010
4.578809448300E+010
4.969621598200E+010
5.815968524200E+010
1.268670000000E+005
1.309950000000E+005
1.382810000000E+005
1.510070000000E+005
1.539810000000E+005
1.594070000000E+005
1.619530000000E+005
1.697820000000E+005
1.951560000000E+005
2.200410000000E+005
1.801123600000E+007
2.404576700000E+007
3.748145000000E+007
5.476533100000E+007
5.808683000000E+007
6.089372500000E+007
6.280157100000E+007
7.634440800000E+007
8.148084700000E+007
8.295722500000E+007
1.255491400000E+007
1.279764500000E+007
2.330725200000E+007
2.543264900000E+007
2.648336400000E+007
3.226584400000E+007
3.338969700000E+007
3.495154000000E+007
3.758752100000E+007
4.000081400000E+007
4.718000000000E+003
5.879000000000E+003
7.045000000000E+003
8.423000000000E+003
1.085000000000E+004
1.198300000000E+004
1.293100000000E+004
1.310900000000E+004
1.364600000000E+004
1.626400000000E+004
1.102900000000E+004
2.643300000000E+004
3.765000000000E+004
4.170700000000E+004
4.465700000000E+004
4.574400000000E+004
4.594500000000E+004
4.705300000000E+004
5.572900000000E+004
6.314900000000E+004
5.405141210000E+008
2.275296863000E+009
2.424633097000E+009
2.542942489000E+009
3.449169590000E+009
4.243784033000E+009
4.957280206000E+009
5.801487361000E+009
6.410151113000E+009
6.842417950000E+009
3.381450000000E+005
4.954860000000E+005
5.094550000000E+005
5.184800000000E+005
5.199680000000E+005
6.496520000000E+005
6.895900000000E+005
7.012960000000E+005
7.883350000000E+005
7.884190000000E+005
2.762200000000E+004
3.901800000000E+004
4.386200000000E+004
5.572900000000E+004
6.326000000000E+004
6.520000000000E+004
6.950800000000E+004
7.212000000000E+004
8.268300000000E+004
1.006900000000E+005
1.245102000000E+006
1.250116000000E+006
1.419446000000E+006
1.503303000000E+006
1.531755000000E+006
1.821759000000E+006
1.952775000000E+006
2.264403000000E+006
2.544979000000E+006
2.586942000000E+006
2.421260000000E+005
3.135620000000E+005
3.162220000000E+005
4.712170000000E+005
5.058130000000E+005
6.179110000000E+005
1.231891000000E+006
1.269308000000E+006
1.369232000000E+006
1.500679000000E+006
2.824649000000E+006
4.183904000000E+006
4.478783000000E+006
5.056908000000E+006
9.331728000000E+006
9.980353000000E+006
1.131764400000E+007
1.272931500000E+007
1.325275100000E+007
1.401502100000E+007
6.648700000000E+004
1.125670000000E+005
1.792950000000E+005
1.876360000000E+005
2.329740000000E+005
2.843730000000E+005
2.898440000000E+005
3.556770000000E+005
3.777790000000E+005
3.981220000000E+005
8.821720000000E+005
1.051965000000E+006
1.113843000000E+006
1.471178000000E+006
1.495668000000E+006
1.519700000000E+006
1.622884000000E+006
2.393518000000E+006
2.654403000000E+006
3.014115000000E+006
2.436352200000E+007
7.672280000000E+007
9.869023500000E+007
1.792692220000E+008
4.694387680000E+008
4.695211810000E+008
4.905118280000E+008
7.146189360000E+008
7.403841340000E+008
8.002878850000E+008
6.091340000000E+005
1.037975000000E+006
1.556678000000E+006
1.953465000000E+006
1.959651000000E+006
2.036096000000E+006
2.292630000000E+006
2.352553000000E+006
2.437722000000E+006
2.514779000000E+006
3.633429000000E+006
4.202452000000E+006
4.227444000000E+006
4.347923000000E+006
5.649045000000E+006
6.291291000000E+006
6.666495000000E+006
7.104422000000E+006
7.681922000000E+006
7.782601000000E+006
7.494900000000E+004
8.927500000000E+004
9.278700000000E+004
9.668400000000E+004
1.021760000000E+005
1.087280000000E+005
1.236930000000E+005
1.347130000000E+005
1.472540000000E+005
1.489620000000E+005
2.162015000000E+006
2.915094000000E+006
4.183904000000E+006
4.958538000000E+006
5.452765000000E+006
6.783108000000E+006
7.535605000000E+006
1.011029900000E+007
1.039808700000E+007
1.475095600000E+007
9.250000000000E+002
1.919000000000E+003
3.811000000000E+003
4.416000000000E+003
6.395000000000E+003
9.687000000000E+003
9.748000000000E+003
1.066800000000E+004
1.293100000000E+004
1.567900000000E+004
8.133530000000E+005
9.495030000000E+005
1.037975000000E+006
2.197539000000E+006
2.328680000000E+006
2.423919000000E+006
2.566018000000E+006
2.841262000000E+006
3.133016000000E+006
3.178810000000E+006
6.357200000000E+004
1.042230000000E+005
1.314890000000E+005
1.339490000000E+005
1.458380000000E+005
1.523480000000E+005
1.747640000000E+005
1.772580000000E+005
1.931380000000E+005
1.951650000000E+005
1.939800000000E+004
8.333100000000E+004
8.940300000000E+004
9.287700000000E+004
1.350630000000E+005
1.391190000000E+005
1.447140000000E+005
1.458380000000E+005
1.475410000000E+005
1.812710000000E+005
2.539946200000E+007
3.478107100000E+007
6.358602500000E+007
8.127115100000E+007
9.786832700000E+007
1.621391020000E+008
1.748769620000E+008
1.929262930000E+008
2.091545810000E+008
2.232432210000E+008
1.870000000000E+003
4.000000000000E+003
5.910000000000E+003
6.395000000000E+003
1.019500000000E+004
1.019500000000E+004
1.019500000000E+004
1.019500000000E+004
1.019500000000E+004
1.019500000000E+004
9.442000000000E+003
1.368700000000E+004
2.029400000000E+004
2.288300000000E+004
2.562700000000E+004
3.002800000000E+004
3.578100000000E+004
3.658000000000E+004
4.964200000000E+004
5.089800000000E+004
1.747403000000E+006
2.915094000000E+006
6.796661000000E+006
8.065378000000E+006
8.168735000000E+006
8.654662000000E+006
9.213494000000E+006
1.131764400000E+007
1.328634500000E+007
1.529916100000E+007
3.017830000000E+005
3.102390000000E+005
3.128880000000E+005
3.182600000000E+005
3.415980000000E+005
4.536720000000E+005
6.668560000000E+005
6.988350000000E+005
7.357570000000E+005
7.583870000000E+005
0.000000000000E+000
0.000000000000E+000
0.000000000000E+000
0.000000000000E+000
0.000000000000E+000
0.000000000000E+000
0.000000000000E+000
0.000000000000E+000
0.000000000000E+000
0.000000000000E+000
0.000000000000E+000
0.000000000000E+000
0.000000000000E+000
0.000000000000E+000
0.000000000000E+000
0.000000000000E+000
0.000000000000E+000
0.000000000000E+000
0.000000000000E+000
0.000000000000E+000
3.902211000000E+006
8.083482000000E+006
9.948400000000E+006
1.344990700000E+007
1.449100300000E+007
1.509254300000E+007
1.552936700000E+007
1.692992200000E+007
1.700562500000E+007
1.718521200000E+007
4.687201400000E+007
1.695241220000E+008
2.553535040000E+008
4.977845660000E+008
6.005722360000E+008
6.304938950000E+008
6.415851520000E+008
6.732992680000E+008
7.719487470000E+008
8.075483510000E+008
1.839100000000E+004
4.695600000000E+004
4.705300000000E+004
7.100200000000E+004
9.150700000000E+004
9.251800000000E+004
9.808600000000E+004
1.000000000000E+005
1.005800000000E+005
1.075080000000E+005
4.999062400000E+007
1.263041840000E+008
1.514155810000E+008
1.662833600000E+008
1.665978580000E+008
1.999163610000E+008
2.014566970000E+008
2.091545810000E+008
2.520588800000E+008
2.648854640000E+008
5.544840000000E+005
1.037490000000E+006
1.037688000000E+006
1.073179000000E+006
1.115443000000E+006
1.204827000000E+006
1.292521000000E+006
1.309895000000E+006
1.435651000000E+006
1.539360000000E+006
7.510200000000E+004
1.234850000000E+005
1.403150000000E+005
1.763100000000E+005
1.976980000000E+005
2.005340000000E+005
2.239710000000E+005
2.286670000000E+005
2.329740000000E+005
2.433640000000E+005
1.167747000000E+006
1.200363000000E+006
1.314139000000E+006
1.942001000000E+006
2.945323000000E+006
4.227444000000E+006
4.239505000000E+006
6.225394000000E+006
7.435199000000E+006
7.634375000000E+006
3.982470000000E+005
7.703050000000E+005
9.478400000000E+005
1.340971000000E+006
1.519700000000E+006
1.851786000000E+006
1.982308000000E+006
2.135961000000E+006
2.155624000000E+006
2.224155000000E+006
4.167360000000E+005
5.502020000000E+005
5.923880000000E+005
6.311050000000E+005
6.422700000000E+005
6.641480000000E+005
6.971850000000E+005
8.110200000000E+005
9.201400000000E+005
9.557740000000E+005
6.773050000000E+005
8.130480000000E+005
9.257010000000E+005
1.173274000000E+006
1.230907000000E+006
1.580493000000E+006
2.127558000000E+006
2.955794000000E+006
3.045836000000E+006
3.066919000000E+006
3.281300000000E+004
7.715000000000E+004
1.125670000000E+005
1.346820000000E+005
1.772580000000E+005
1.886060000000E+005
1.956720000000E+005
2.452530000000E+005
2.898140000000E+005
3.252910000000E+005
3.281300000000E+004
8.013900000000E+004
8.095900000000E+004
1.042230000000E+005
1.086510000000E+005
1.475410000000E+005
1.768520000000E+005
1.860290000000E+005
1.876360000000E+005
2.119890000000E+005
1.670980000000E+005
1.471178000000E+006
1.900752000000E+006
2.157589000000E+006
2.370968000000E+006
2.685578000000E+006
2.847779000000E+006
2.979939000000E+006
2.999370000000E+006
3.012013000000E+006
2.765050000000E+005
2.830490000000E+005
3.102390000000E+005
3.149230000000E+005
4.192640000000E+005
4.753690000000E+005
5.149250000000E+005
5.539500000000E+005
5.642460000000E+005
5.839110000000E+005
3.225080000000E+005
3.701030000000E+005
4.115330000000E+005
4.712170000000E+005
5.706830000000E+005
8.609550000000E+005
8.823300000000E+005
8.944280000000E+005
1.037490000000E+006
1.088530000000E+006
1.087705000000E+006
1.202262000000E+006
1.670503000000E+006
1.786699000000E+006
2.072071000000E+006
2.104764000000E+006
2.157589000000E+006
2.289440000000E+006
2.592183000000E+006
2.745486000000E+006
1.361186000000E+006
1.493131000000E+006
2.026092000000E+006
2.057903000000E+006
2.111559000000E+006
2.152972000000E+006
2.330418000000E+006
2.348787000000E+006
2.423919000000E+006
2.443227000000E+006
1.544108000000E+006
1.862695000000E+006
2.194682000000E+006
2.300199000000E+006
2.309975000000E+006
2.449327000000E+006
2.771937000000E+006
3.066919000000E+006
3.073218000000E+006
3.091399000000E+006
2.970980000000E+006
4.334911000000E+006
6.205756000000E+006
6.960396000000E+006
7.395209000000E+006
7.700304000000E+006
7.793720000000E+006
8.415102000000E+006
9.691972000000E+006
9.837809000000E+006
4.351113190000E+008
5.061333980000E+008
5.235587600000E+008
5.570866700000E+008
6.317997700000E+008
6.762149720000E+008
6.978493130000E+008
8.554645980000E+008
1.003612938000E+009
1.030717812000E+009
3.981977000000E+006
3.997218000000E+006
5.244926000000E+006
5.542786000000E+006
5.755024000000E+006
5.795104000000E+006
6.292800000000E+006
6.849900000000E+006
7.040286000000E+006
7.113158000000E+006
9.442000000000E+003
1.417300000000E+004
1.993900000000E+004
2.425800000000E+004
2.863600000000E+004
3.009100000000E+004
3.211300000000E+004
4.170700000000E+004
4.368400000000E+004
4.386200000000E+004
1.361186000000E+006
1.584051000000E+006
1.750111000000E+006
1.870670000000E+006
1.918252000000E+006
2.273110000000E+006
2.362283000000E+006
2.525189000000E+006
2.601688000000E+006
2.837210000000E+006
4.705320000000E+005
5.514780000000E+005
5.891420000000E+005
5.923930000000E+005
6.586000000000E+005
6.765030000000E+005
6.829340000000E+005
7.108300000000E+005
7.713570000000E+005
7.937760000000E+005
1.972600000000E+004
2.352000000000E+004
2.888400000000E+004
3.039600000000E+004
3.672300000000E+004
5.023800000000E+004
6.114400000000E+004
7.525100000000E+004
7.563900000000E+004
8.333100000000E+004
1.481610000000E+005
1.489620000000E+005
1.508030000000E+005
1.785660000000E+005
1.951560000000E+005
1.976980000000E+005
2.028690000000E+005
2.090270000000E+005
2.201690000000E+005
2.207780000000E+005
1.314620000000E+005
1.975420000000E+005
2.102680000000E+005
2.880450000000E+005
3.427750000000E+005
3.443310000000E+005
3.969070000000E+005
4.544930000000E+005
4.837890000000E+005
5.850100000000E+005
1.607593000000E+006
2.223533000000E+006
2.918720000000E+006
3.920813000000E+006
4.552381000000E+006
5.002512000000E+006
6.038518000000E+006
6.213891000000E+006
7.410957000000E+006
9.906332000000E+006
1.214814500000E+007
1.014386190000E+008
1.393898770000E+008
1.780048240000E+008
3.205982410000E+008
3.723723010000E+008
3.736495350000E+008
3.808623400000E+008
3.841422740000E+008
4.036060790000E+008
1.952983450000E+008
1.955565610000E+008
2.470137940000E+008
2.553535040000E+008
2.835294640000E+008
3.047320360000E+008
3.496210210000E+008
3.896770600000E+008
4.086877960000E+008
4.133421940000E+008
5.052600000000E+004
5.633300000000E+004
1.079000000000E+005
1.223610000000E+005
1.841380000000E+005
1.925140000000E+005
3.633690000000E+005
3.813210000000E+005
3.986000000000E+005
5.849660000000E+005
2.226291000000E+006
5.416852000000E+006
5.568203000000E+006
5.631519000000E+006
5.849828000000E+006
6.038518000000E+006
6.700555000000E+006
7.123721000000E+006
7.455736000000E+006
7.563012000000E+006
1.214814500000E+007
1.150992620000E+008
1.962822500000E+008
2.284652790000E+008
3.888128400000E+008
4.359226890000E+008
4.650165780000E+008
4.685338460000E+008
4.700958480000E+008
4.740110030000E+008
2.382483591000E+009
2.420688072000E+009
3.400104767000E+009
3.449169590000E+009
3.557755923000E+009
3.739317859000E+009
5.014333907000E+009
5.036989835000E+009
5.309116989000E+009
5.465235469000E+009
4.867400000000E+004
6.727600000000E+004
7.237400000000E+004
7.964800000000E+004
1.099520000000E+005
1.412360000000E+005
1.499020000000E+005
1.616800000000E+005
1.694820000000E+005
2.114890000000E+005
8.537270000000E+005
1.105092000000E+006
2.057903000000E+006
2.485391000000E+006
2.511284000000E+006
2.525189000000E+006
2.749932000000E+006
3.156159000000E+006
3.252252000000E+006
3.371901000000E+006
0.000000000000E+000
0.000000000000E+000
0.000000000000E+000
0.000000000000E+000
0.000000000000E+000
0.000000000000E+000
0.000000000000E+000
0.000000000000E+000
0.000000000000E+000
0.000000000000E+000
0.000000000000E+000
0.000000000000E+000
0.000000000000E+000
0.000000000000E+000
0.000000000000E+000
0.000000000000E+000
0.000000000000E+000
0.000000000000E+000
0.000000000000E+000
0.000000000000E+000
0.000000000000E+000
0.000000000000E+000
0.000000000000E+000
0.000000000000E+000
0.000000000000E+000
0.000000000000E+000
0.000000000000E+000
0.000000000000E+000
0.000000000000E+000
0.000000000000E+000
0.000000000000E+000
0.000000000000E+000
0.000000000000E+000
0.000000000000E+000
0.000000000000E+000
0.000000000000E+000
0.000000000000E+000
0.000000000000E+000
0.000000000000E+000
0.000000000000E+000
0.000000000000E+000
0.000000000000E+000
0.000000000000E+000
0.000000000000E+000
0.000000000000E+000
0.000000000000E+000
0.000000000000E+000
0.000000000000E+000
0.000000000000E+000
0.000000000000E+000
0.000000000000E+000
0.000000000000E+000
0.000000000000E+000
0.000000000000E+000
0.000000000000E+000
0.000000000000E+000
0.000000000000E+000
0.000000000000E+000
0.000000000000E+000
0.000000000000E+000
0.000000000000E+000
0.000000000000E+000
0.000000000000E+000
0.000000000000E+000
0.000000000000E+000
0.000000000000E+000
0.000000000000E+000
0.000000000000E+000
0.000000000000E+000
0.000000000000E+000
0.000000000000E+000
0.000000000000E+000
0.000000000000E+000
0.000000000000E+000
0.000000000000E+000
0.000000000000E+000
0.000000000000E+000
0.000000000000E+000
0.000000000000E+000
0.000000000000E+000
0.000000000000E+000
0.000000000000E+000
0.000000000000E+000
0.000000000000E+000
0.000000000000E+000
0.000000000000E+000
0.000000000000E+000
0.000000000000E+000
0.000000000000E+000
0.000000000000E+000
0.000000000000E+000
0.000000000000E+000
0.000000000000E+000
0.000000000000E+000
0.000000000000E+000
0.000000000000E+000
0.000000000000E+000
0.000000000000E+000
0.000000000000E+000
0.000000000000E+000
