3.554968547260E+004
3.588588761885E+004
3.670517108377E+004
3.793550823392E+004
3.804213181910E+004
3.874672699066E+004
3.876093460643E+004
1.319531316710E+002
2.156949944721E+002
2.262620385145E+002
2.737901222475E+002
2.907237077215E+002
2.913775212967E+002
2.927131205660E+002
1.539643377243E+002
1.713197317489E+002
1.722541437840E+002
1.766267369573E+002
1.800968491832E+002
1.981649071620E+002
1.998237820884E+002
1.486752650806E+002
1.676675996172E+002
1.702390173668E+002
1.970166225985E+002
2.032110055957E+002
2.099333508198E+002
2.143920834774E+002
3.475103550694E+002
3.729077315744E+002
3.979115174539E+002
4.458052300221E+002
4.586343881866E+002
4.834252244607E+002
5.027163909912E+002
1.570551878126E+002
1.625799050701E+002
1.829799701360E+002
1.832763818690E+002
2.095610496367E+002
2.215672003875E+002
2.225952328750E+002
1.652608458089E+002
3.053899611033E+002
3.436222825004E+002
3.934135597428E+002
4.009827034013E+002
4.207923204641E+002
4.383247064049E+002
7.539975349544E+001
1.963324489240E+002
2.102806722067E+002
2.238455287521E+002
2.544649252574E+002
2.625131250189E+002
2.682873252109E+002
4.105555953270E+002
4.815338678721E+002
5.319913498750E+002
5.363405590500E+002
5.929058169726E+002
6.202581101466E+002
6.243544062723E+002
1.652608458089E+002
2.563802466751E+002
2.983557261292E+002
3.065210481116E+002
3.776889056786E+002
3.847913421380E+002
3.999390463913E+002
1.394850192425E+002
1.631513996732E+002
1.766500895160E+002
1.798385049860E+002
1.877969310297E+002
1.920106984537E+002
2.087757497569E+002
2.628096391091E+002
3.308870566922E+002
3.701478261386E+002
4.176229123146E+002
4.362894390188E+002
4.410498105044E+002
4.422383066509E+002
1.851955065307E+002
2.160863608033E+002
2.308445748524E+002
2.491013156088E+002
2.677829502640E+002
2.712210278758E+002
2.724700719130E+002
3.323956706339E+002
3.331719752289E+002
3.683980757995E+002
4.095284119282E+002
4.133193084380E+002
4.285800556459E+002
4.300271088566E+002
4.089114421642E+002
4.229137029533E+002
4.283680766157E+002
4.593699276571E+002
4.798800415168E+002
5.003495825101E+002
5.319913498750E+002
1.889517627580E+002
1.926439630070E+002
2.404021353884E+002
2.531838811595E+002
2.624342099377E+002
2.744133832948E+002
2.821588457543E+002
1.815102908647E+002
2.942443808464E+002
2.974625307144E+002
3.020520603742E+002
3.103326048132E+002
3.430086205420E+002
3.499264945400E+002
9.543268858423E+001
1.629060554735E+002
1.942644267253E+002
2.032619537417E+002
2.164097702857E+002
2.568012875017E+002
2.715925331088E+002
2.127566083725E+002
2.509870413967E+002
3.413005196092E+002
3.486425206575E+002
3.765699767092E+002
4.156531499282E+002
4.230239732679E+002
1.752691423906E+002
1.970350484176E+002
1.996570459897E+002
2.308708549534E+002
2.332058355401E+002
2.349536690888E+002
2.569310065217E+002
1.233053412606E+002
1.899355223611E+002
1.909243659819E+002
1.947465975611E+002
1.952175399620E+002
2.009500178332E+002
2.132258960243E+002
1.123224566017E+002
1.586511358948E+002
1.709798819411E+002
1.835868647580E+002
1.889482788572E+002
1.968941434773E+002
2.004842119275E+002
2.375799747250E+002
2.558163877890E+002
3.250598942462E+002
3.325186370244E+002
3.333794580186E+002
3.348223172420E+002
3.565281832685E+002
6.285114472876E+001
1.442907855375E+002
1.611443587216E+002
1.778392190907E+002
1.835868647580E+002
2.054834122168E+002
2.348749241671E+002
2.117212384616E+002
2.183035812019E+002
2.188126782136E+002
2.415932080980E+002
2.544838965315E+002
2.645634720257E+002
2.658454461160E+002
8.999191678255E+001
1.161347199282E+002
1.281874450056E+002
1.282741202472E+002
1.336454585179E+002
1.388970861476E+002
1.533684044393E+002
1.160761798777E+002
1.566599697456E+002
3.216143237445E+002
3.227166578116E+002
3.350373736390E+002
3.401418742769E+002
3.411685254802E+002
2.803452565607E+002
2.808404237873E+002
3.131901731812E+002
3.393304094879E+002
3.685105619684E+002
3.892549723777E+002
3.924793246835E+002
4.246330032000E+002
5.652479722403E+002
6.154697071405E+002
6.323033578822E+002
7.463059891637E+002
7.496375754905E+002
7.748556689902E+002
1.645002254887E+002
1.829799701360E+002
2.036243609847E+002
2.144559656877E+002
2.152579653890E+002
2.362581052802E+002
2.371831679710E+002
1.471505864356E+002
1.536170613046E+002
1.795015951244E+002
1.841242949019E+002
1.877570826780E+002
1.914504859696E+002
2.320927424635E+002
1.376724190137E+002
2.086150989666E+002
2.983557261292E+002
3.289304017575E+002
3.434211977967E+002
3.495449673185E+002
3.572705867174E+002
1.116392106572E+002
1.680238101314E+002
1.704237641753E+002
2.261306265363E+002
2.282041008888E+002
2.338941112993E+002
2.455044670956E+002
3.084230819010E+002
3.210108445076E+002
3.660268677067E+002
4.167571300203E+002
4.301699627373E+002
4.427742955301E+002
4.578470780944E+002
1.332690259541E+002
1.386039834419E+002
1.784187648044E+002
1.848918659199E+002
2.095610496367E+002
2.169982475427E+002
2.188126782136E+002
1.366094347787E+002
1.683516545932E+002
1.719856421856E+002
1.762703489826E+002
1.849642918488E+002
1.857001662559E+002
1.934113225681E+002
1.408604926312E+002
1.629658282378E+002
1.702481106981E+002
2.004532309833E+002
2.139345462448E+002
2.256234733945E+002
2.300948869274E+002
2.211071609803E+002
2.456633916525E+002
2.656269185524E+002
2.798321546719E+002
3.304597465213E+002
3.384623145323E+002
3.571118732728E+002
1.875317182671E+002
2.071121935682E+002
2.195773195126E+002
2.214370286938E+002
2.344326676773E+002
2.378963590601E+002
2.814148379481E+002
1.566599697456E+002
2.371831679710E+002
2.943274774108E+002
2.948350150081E+002
3.282144491425E+002
3.436222825004E+002
3.586071953342E+002
2.686816459933E+002
2.770728061032E+002
3.079925245307E+002
3.101359353385E+002
3.408203303283E+002
3.463462875565E+002
3.652355918394E+002
2.212902743320E+002
2.218318593097E+002
3.109372609966E+002
3.631702381615E+002
4.165991485070E+002
4.370094306712E+002
4.386585117418E+002
1.309709972845E+002
1.408604926312E+002
1.443712499243E+002
1.699525377229E+002
1.739384535635E+002
1.844239723998E+002
1.960497086324E+002
2.092967800830E+002
2.418843479604E+002
2.700791766114E+002
2.769911266567E+002
2.791210512232E+002
3.031377444240E+002
3.173678377333E+002
8.012556198973E+001
1.358398464371E+002
1.790710940162E+002
1.939889075737E+002
2.314947260471E+002
2.572054722660E+002
2.589759938725E+002
1.343655140137E+002
2.136286159280E+002
2.304980998754E+002
2.357322687724E+002
2.394350607709E+002
2.554489567658E+002
2.574027255996E+002
1.384741387257E+002
1.916829532678E+002
2.167872117345E+002
2.261245499040E+002
2.338366268749E+002
2.462830363253E+002
2.596456891260E+002
2.791935265030E+002
2.809435737970E+002
3.316678002465E+002
3.799038439601E+002
4.168962992288E+002
4.221559406554E+002
4.338103730735E+002
1.933436818466E+002
2.501721892476E+002
2.540964455154E+002
2.544838965315E+002
2.591476034346E+002
2.633956549814E+002
2.641346637679E+002
6.471865747966E+001
1.158264702648E+002
1.466267386826E+002
1.678656643200E+002
2.012422917394E+002
2.092967800830E+002
2.174980426520E+002
1.682179733086E+002
2.344770872680E+002
2.399263779594E+002
2.572054722660E+002
2.703129492272E+002
2.814201591715E+002
3.090680894122E+002
2.128462707578E+002
2.710409473371E+002
2.994922570029E+002
3.236113501002E+002
3.332738965283E+002
3.492732942004E+002
3.517893083162E+002
2.058873964682E+002
2.938356563474E+002
3.030320800613E+002
3.042506424275E+002
3.118925329133E+002
3.211564783846E+002
3.308214334437E+002
1.877570826780E+002
1.958855083117E+002
2.383130361486E+002
2.397845379364E+002
2.482298260718E+002
2.622529544417E+002
2.936538641954E+002
3.032628142583E+002
4.198983894076E+002
4.726565885254E+002
5.248540552487E+002
5.277519365470E+002
5.631378438336E+002
5.844492906319E+002
3.471926579498E+002
4.801574259312E+002
5.029262964367E+002
5.359276828130E+002
5.568711944941E+002
5.830812071188E+002
5.868333738012E+002
1.197413878538E+002
1.239312949231E+002
1.534258391386E+002
1.586816341222E+002
1.612268547771E+002
1.612303909033E+002
1.895797471225E+002
2.358997566714E+002
2.727897738805E+002
2.927131205660E+002
2.930860742298E+002
3.006513550952E+002
3.010798418919E+002
3.362015671421E+002
1.164783052325E+002
1.404643744564E+002
1.570224408504E+002
1.688076467527E+002
1.887493533173E+002
1.919855038059E+002
2.274871901943E+002
1.290270693580E+002
1.960900814757E+002
1.991259207722E+002
2.009075952502E+002
2.147766260821E+002
2.188326354963E+002
2.195612802829E+002
1.646900541721E+002
2.020809866777E+002
2.280289110218E+002
2.541719238104E+002
2.630899230465E+002
2.976603520847E+002
3.044212059839E+002
1.028288974822E+002
1.247373154919E+002
1.546369186274E+002
1.629060554735E+002
1.771213210943E+002
1.887234087489E+002
2.034217995462E+002
1.631513996732E+002
1.688076467527E+002
1.866484631592E+002
1.898763388450E+002
1.927006734160E+002
1.952338290268E+002
2.051467249748E+002
7.595688212018E+001
7.623666899032E+001
8.616962752140E+001
1.165953704100E+002
1.321797193061E+002
1.496996969469E+002
1.566911271839E+002
1.449493743206E+002
2.205383237954E+002
2.294002038496E+002
2.354311191279E+002
2.398564887209E+002
3.108646474259E+002
3.183116593294E+002
8.343796329024E+001
1.358398464371E+002
1.750327832371E+002
2.051698814522E+002
2.333499381290E+002
2.658083648242E+002
2.726513967764E+002
1.183941834896E+002
1.572805302732E+002
2.076590518618E+002
2.078307651690E+002
2.239260423603E+002
2.256676375919E+002
2.292844338212E+002
1.809357495727E+002
2.313681691833E+002
2.402066583641E+002
2.569908147899E+002
2.751233552689E+002
2.852795597064E+002
2.937814707980E+002
2.902633731732E+002
3.802911374632E+002
4.005008271863E+002
4.242001177273E+002
4.435654892314E+002
4.479866235145E+002
4.652125462460E+002
1.376724190137E+002
1.952338290268E+002
2.358063824184E+002
2.563342067345E+002
2.626447287852E+002
2.982141189404E+002
3.206955101336E+002
3.637448939663E+002
3.881425710675E+002
3.928112087412E+002
3.987278302278E+002
4.221783493420E+002
4.609845471748E+002
4.910883641674E+002
1.239312949231E+002
1.501224810804E+002
1.563634929706E+002
1.686406428675E+002
1.700670379027E+002
1.834046295488E+002
1.892053505016E+002
4.767664300299E+002
4.863589361020E+002
5.108570794376E+002
5.515784398217E+002
5.560412743863E+002
5.568258612982E+002
5.958159131249E+002
1.985730617645E+002
2.332058355401E+002
2.803488992983E+002
2.948760929697E+002
3.174763151440E+002
3.209005411395E+002
3.388851395644E+002
3.725064478503E+002
4.303641628623E+002
4.418828802449E+002
4.524583694464E+002
4.882597180811E+002
4.924549083160E+002
5.197022140452E+002
1.370172314153E+002
1.683452465863E+002
1.863934683803E+002
1.902759243644E+002
1.919855038059E+002
1.923839512149E+002
1.973170365883E+002
1.871937321450E+002
3.174145924652E+002
3.220991296874E+002
3.289642434796E+002
3.371927162209E+002
3.744562159586E+002
3.912259728976E+002
7.416205952501E+001
1.578418664188E+002
1.685884277418E+002
2.197387761157E+002
2.248116652592E+002
2.376566612908E+002
2.431848533802E+002
2.297826338256E+002
2.992739993319E+002
3.726165750020E+002
3.934314429954E+002
4.002938898267E+002
4.109760534450E+002
4.198758971570E+002
2.687742660287E+002
3.077344181515E+002
3.164833058899E+002
3.182910679799E+002
3.310541983405E+002
4.317486462443E+002
4.569487778171E+002
2.002797835598E+002
2.238885804790E+002
2.436941415713E+002
2.444783467351E+002
2.547790274626E+002
2.900888218506E+002
3.158578038885E+002
1.116392106572E+002
1.355791576754E+002
1.449493743206E+002
1.603250330163E+002
1.949721410595E+002
1.990950298545E+002
2.716453606142E+002
2.405489402575E+002
3.881636235217E+002
3.950902471287E+002
3.959514946767E+002
4.053101262689E+002
4.259258418996E+002
4.480591894886E+002
1.512729444275E+002
1.871825660745E+002
1.926320349734E+002
2.125301597716E+002
2.325473000978E+002
2.553643537207E+002
2.569787784046E+002
2.932223797610E+002
3.218401301605E+002
3.451164292978E+002
3.796210066993E+002
3.811965346861E+002
3.912418650444E+002
3.930220532005E+002
1.141556377063E+002
1.699125774397E+002
2.043411082686E+002
2.049595570619E+002
2.344770872680E+002
2.544497403005E+002
2.615893315841E+002
1.343413593156E+002
3.649399311827E+002
3.791907352557E+002
4.231505758091E+002
4.244790074805E+002
4.260293881809E+002
4.270644075271E+002
1.996570459897E+002
2.313052474476E+002
3.605053207616E+002
3.709567445114E+002
3.824439550581E+002
3.892944087805E+002
4.017218699582E+002
8.012556198973E+001
1.193150972185E+002
1.365381912413E+002
1.642721137646E+002
1.750327832371E+002
1.895797471225E+002
1.923601543729E+002
3.195333483175E+002
3.409060179337E+002
3.467966125738E+002
3.522704380966E+002
3.552088203151E+002
3.794873193483E+002
3.835987610460E+002
2.838650268316E+002
3.429887133336E+002
3.876047572698E+002
5.108570794376E+002
5.236115887046E+002
5.329032535572E+002
5.604136298054E+002
2.012072849560E+002
3.214168896172E+002
3.262483690459E+002
3.517179438993E+002
3.605228691650E+002
3.893752276772E+002
3.897821588739E+002
1.277752189491E+002
1.462199631984E+002
2.178479340207E+002
2.195551949587E+002
2.237736386020E+002
2.242880898368E+002
2.309195439922E+002
1.614488339723E+002
2.203033414323E+002
2.436480672294E+002
2.444656571505E+002
2.924770252332E+002
2.958748362316E+002
2.962097713848E+002
4.191147193906E+001
6.692989501258E+001
1.233053412606E+002
1.289098675551E+002
1.446809601528E+002
1.481568099918E+002
1.586510886485E+002
1.124069691927E+002
1.830364422024E+002
2.045741343548E+002
2.076590518618E+002
2.077301033067E+002
2.625259420066E+002
2.898298250483E+002
1.167498746292E+002
1.539464370492E+002
1.548505312557E+002
1.619452915408E+002
1.719352041340E+002
1.832433816303E+002
1.881748205448E+002
2.012141084077E+002
2.209947990704E+002
2.956370389947E+002
3.240049612901E+002
3.408203303283E+002
3.429887133336E+002
3.909720223069E+002
9.065301017983E+001
1.124069691927E+002
1.183941834896E+002
1.512729444275E+002
1.520860901053E+002
1.589002547632E+002
1.622081615303E+002
2.498552246560E+002
2.509994352617E+002
2.547539588895E+002
2.717314190117E+002
2.889536610724E+002
3.099251605461E+002
3.239487710259E+002
2.256593921791E+002
2.528309478295E+002
2.738609172684E+002
2.936002583332E+002
2.998680166809E+002
3.108236020589E+002
3.301021991391E+002
2.767018988955E+002
3.033891760034E+002
3.414271716717E+002
3.464728189756E+002
3.622730303215E+002
4.097483410669E+002
4.177606850949E+002
2.339141824611E+002
2.756416312114E+002
3.638174279154E+002
3.930220532005E+002
3.998773061129E+002
4.229974201012E+002
4.277431142345E+002
1.247373154919E+002
1.871006902757E+002
2.032619537417E+002
2.192397757981E+002
2.417355870260E+002
2.580815951413E+002
2.617990518445E+002
2.489842689441E+002
2.690522985717E+002
3.124609749244E+002
3.374253820650E+002
3.522704380966E+002
3.763242044958E+002
3.771450995730E+002
2.959634994932E+002
3.461486846635E+002
3.485549021218E+002
3.692973415380E+002
3.818752504745E+002
4.245573394083E+002
4.380980496253E+002
2.559177580278E+002
2.640490314530E+002
3.282812991440E+002
3.598194854213E+002
3.898666624171E+002
3.986484923465E+002
4.097591720971E+002
1.499032227947E+002
1.689696187562E+002
1.990950298545E+002
2.036243609847E+002
2.205383237954E+002
2.239260423603E+002
2.261306265363E+002
1.531654260148E+002
1.933436818466E+002
2.092583598365E+002
2.170793476804E+002
2.238885804790E+002
2.341530445919E+002
2.553680456130E+002
7.281188718204E+001
8.117540263321E+001
9.411178945357E+001
1.380078890382E+002
1.612268547771E+002
1.625433331230E+002
1.672793854288E+002
2.297826338256E+002
2.402637142197E+002
2.840404473625E+002
3.406932620635E+002
3.499742913308E+002
3.517288370177E+002
3.600861468319E+002
1.752691423906E+002
1.945421833511E+002
2.092583598365E+002
2.274871901943E+002
2.313052474476E+002
2.436480672294E+002
2.436941415713E+002
1.764091266795E+002
2.242295828381E+002
2.961799219612E+002
3.144522717979E+002
3.402698231309E+002
3.546766766870E+002
3.681807219272E+002
1.394579890561E+002
1.947465975611E+002
2.031018205275E+002
2.200666268928E+002
2.376528747724E+002
2.496602768241E+002
2.515739265629E+002
2.064408015279E+002
2.364063992979E+002
2.385022851041E+002
2.770728061032E+002
2.859193557321E+002
2.956370389947E+002
3.266734204820E+002
2.298034434143E+002
2.326287861649E+002
2.335379240008E+002
2.671629104928E+002
2.751233552689E+002
2.799749212672E+002
3.131677559493E+002
1.572805302732E+002
2.617670273496E+002
2.703129492272E+002
2.998680166809E+002
3.109561914250E+002
3.150064908048E+002
3.179393817809E+002
3.393434922947E+001
8.616962752140E+001
1.141748434891E+002
1.289445831685E+002
1.337814388177E+002
1.341779573938E+002
1.788273208319E+002
2.344735127184E+002
3.206867803428E+002
3.403931173966E+002
3.614058164677E+002
3.866913942284E+002
4.062090505246E+002
4.084869731902E+002
2.018608101020E+002
3.224151297927E+002
3.473097347638E+002
3.537930063802E+002
3.652622576023E+002
3.794873193483E+002
3.851991519784E+002
1.968377452324E+002
2.248116652592E+002
2.563802466751E+002
2.583698238969E+002
2.584421967058E+002
3.046674835708E+002
3.411761516635E+002
3.080835336215E+002
3.310541983405E+002
4.341009564478E+002
4.422328306783E+002
4.622749442193E+002
5.192641466310E+002
5.427989961370E+002
1.469588862165E+002
1.543831828202E+002
1.633914997964E+002
1.719856421856E+002
1.970350484176E+002
2.039161249411E+002
2.045741343548E+002
7.370372274309E+001
1.253397204324E+002
1.624670336269E+002
1.700379748926E+002
2.000475330824E+002
2.191418637186E+002
2.332313399161E+002
1.862837468934E+002
1.890310078665E+002
2.042372955374E+002
2.069909380178E+002
2.146178525090E+002
2.192397757981E+002
2.201294629446E+002
8.343796329024E+001
2.472240686108E+002
2.687742660287E+002
2.862281090185E+002
3.080835336215E+002
3.255487671857E+002
3.334620433002E+002
1.260067402437E+002
1.664698318133E+002
1.809858223129E+002
1.820117867187E+002
2.116372488277E+002
2.196058954179E+002
2.342796773786E+002
3.075139336891E+002
3.731146533100E+002
4.100913963985E+002
4.441097017624E+002
4.601953027416E+002
4.652436276293E+002
4.833885301111E+002
1.414376139470E+002
1.466875055641E+002
2.258417797362E+002
2.385022851041E+002
2.556630838414E+002
2.565793402849E+002
2.628481511303E+002
1.555790357612E+002
1.941235463817E+002
1.998734455892E+002
2.085937906050E+002
2.092531536576E+002
2.180845463959E+002
2.475101793145E+002
1.062252399421E+002
1.139811004525E+002
1.291475070266E+002
1.443059703442E+002
1.511178501035E+002
1.586510886485E+002
1.644707792957E+002
1.672793854288E+002
1.699573251798E+002
1.700670379027E+002
1.741136704388E+002
1.854796309346E+002
2.005411729010E+002
2.014000092364E+002
1.260067402437E+002
1.394579890561E+002
2.379146264988E+002
2.557503072382E+002
2.647021477253E+002
2.746997700435E+002
2.802175288034E+002
2.254048783446E+002
2.364063992979E+002
2.513509565473E+002
2.516870945924E+002
2.717314190117E+002
2.880127744057E+002
3.029758050961E+002
8.071560998830E+001
1.023470708026E+002
1.531654260148E+002
1.604843286298E+002
1.866486539793E+002
2.010191669110E+002
2.013921920960E+002
1.439376487897E+002
2.243707201919E+002
2.475698196845E+002
3.366990987717E+002
3.403920529586E+002
3.702393041832E+002
3.894231035546E+002
3.239029082733E+002
3.318073888533E+002
3.438042830630E+002
3.469868671061E+002
3.491637467459E+002
3.584078778186E+002
3.613353966650E+002
2.813504730681E+002
3.036611934350E+002
3.052913740644E+002
3.377686539111E+002
3.734822503631E+002
4.235937256693E+002
4.293648429180E+002
7.370372274309E+001
1.390747261741E+002
1.558056267969E+002
1.800947252322E+002
2.025781239190E+002
2.306476864493E+002
2.560590178765E+002
1.260846255395E+002
1.392283854641E+002
2.301062510819E+002
2.434802832608E+002
2.462830363253E+002
2.604632728671E+002
2.697343571376E+002
1.776998389550E+002
1.951198880233E+002
1.988861472475E+002
2.127566083725E+002
2.177020259535E+002
2.687539702614E+002
2.868176221737E+002
1.555340764917E+002
2.549511631444E+002
2.767018988955E+002
2.880127744057E+002
3.010232478172E+002
3.183816329991E+002
3.219198824472E+002
1.134265515226E+002
1.305793394882E+002
1.466182197570E+002
1.613634992798E+002
1.666657488957E+002
1.796213397739E+002
1.877976358114E+002
1.390747261741E+002
1.465629619458E+002
1.667110836992E+002
1.700379748926E+002
1.977144868190E+002
2.173498086695E+002
2.315362698618E+002
3.349337555646E+002
3.672631981181E+002
3.866459781472E+002
3.937268454904E+002
3.981389982682E+002
4.132311462416E+002
4.533639855608E+002
2.184410599692E+002
2.240436436171E+002
2.243707201919E+002
2.421934491372E+002
2.761596316644E+002
2.815955444738E+002
2.833121816009E+002
1.890310078665E+002
2.226830459319E+002
2.322486705462E+002
2.391758468242E+002
2.656269185524E+002
2.665342017470E+002
2.710752082850E+002
2.018973353383E+002
2.269998572335E+002
2.339141824611E+002
2.485393872093E+002
2.617990518445E+002
2.625896419584E+002
2.750182495872E+002
1.686352448223E+002
2.152990661163E+002
2.253868560043E+002
2.375799747250E+002
2.550204387180E+002
2.692513703051E+002
2.807383429083E+002
3.431501579089E+002
3.691937093070E+002
3.866459781472E+002
4.144872215566E+002
4.762744031967E+002
4.934015301528E+002
5.073097165101E+002
1.461027115451E+002
1.586511358948E+002
1.980740710154E+002
2.024974456324E+002
2.052582330359E+002
2.228883700745E+002
2.298603920834E+002
1.306839124997E+002
1.675195584347E+002
1.750508473948E+002
1.933948839157E+002
2.167413049183E+002
2.252865137734E+002
2.384164142310E+002
1.160761798777E+002
1.260846255395E+002
1.437474676933E+002
1.968377452324E+002
2.131913062302E+002
2.258824983424E+002
2.348749241671E+002
2.569310065217E+002
2.817520860963E+002
2.834401827899E+002
2.932223797610E+002
2.959634994932E+002
3.030015118508E+002
3.174763151440E+002
1.061449613277E+002
1.252380065871E+002
1.282741202472E+002
1.367938616906E+002
1.458923531140E+002
1.469588862165E+002
1.582497258295E+002
1.774113098146E+002
1.894223066603E+002
2.010191669110E+002
2.167872117345E+002
2.181189617454E+002
2.248906466437E+002
2.341530445919E+002
1.023470708026E+002
1.049082827954E+002
1.112133623785E+002
1.560960898808E+002
1.624558425701E+002
1.771755973803E+002
2.102118183373E+002
1.462199631984E+002
1.560960898808E+002
1.676675996172E+002
1.835227411853E+002
2.124089794705E+002
2.179963061027E+002
2.320141369090E+002
1.624627275077E+002
2.726567438321E+002
2.902677694039E+002
3.235095547489E+002
3.268903565678E+002
3.334737407010E+002
3.561111268517E+002
1.465406132109E+002
1.693195718884E+002
1.853043003501E+002
2.176153695497E+002
2.335587711470E+002
2.347021268294E+002
2.408582377984E+002
2.760289819429E+002
2.954988520200E+002
3.910836034721E+002
3.931777558819E+002
4.026084043333E+002
4.138781692693E+002
4.156493631574E+002
1.319531316710E+002
2.536341688897E+002
3.818884512968E+002
3.883892107500E+002
3.925541491386E+002
3.947560349102E+002
3.989756623141E+002
1.748375427869E+002
2.895000673666E+002
3.229693397529E+002
3.271118459608E+002
3.282812991440E+002
3.305673119142E+002
3.561274698943E+002
2.697589459545E+002
3.055711905177E+002
3.519138143846E+002
3.520424772613E+002
4.041989253030E+002
4.156531040834E+002
4.516782347450E+002
1.526981345048E+002
1.815102908647E+002
1.920106984537E+002
2.152579653890E+002
2.320927424635E+002
2.397845379364E+002
2.571440274042E+002
2.354579306949E+002
2.558163877890E+002
2.870796763369E+002
3.064767706235E+002
3.164833058899E+002
3.223147804646E+002
3.271118459608E+002
9.065301017983E+001
1.141556377063E+002
1.380078890382E+002
1.608897108303E+002
1.646619032688E+002
1.718812311790E+002
1.720859532885E+002
8.185982478217E+001
1.088215869115E+002
1.164011513519E+002
1.291193050540E+002
1.312560058220E+002
1.485081286190E+002
1.493471073773E+002
1.252793693313E+002
1.499447018660E+002
1.838596141602E+002
1.851955065307E+002
1.873512486638E+002
1.924310176522E+002
2.180902278378E+002
1.167531974722E+002
1.324244980486E+002
1.425710727599E+002
1.676240634082E+002
1.831268205161E+002
1.866486539793E+002
2.015301538590E+002
1.365381912413E+002
1.541077933569E+002
1.679516536606E+002
1.707021578597E+002
1.805733016865E+002
1.889450043791E+002
1.970166225985E+002
1.554657495829E+002
2.128462707578E+002
2.328105967986E+002
2.515618896545E+002
2.561734497645E+002
2.565968528623E+002
2.602681056410E+002
2.001772004637E+002
2.018973353383E+002
2.665342017470E+002
2.667470602071E+002
2.726513967764E+002
2.844670628527E+002
2.897802225213E+002
1.952128735879E+002
1.988748301368E+002
3.066743887976E+002
3.104717082214E+002
3.473677480422E+002
3.545171722386E+002
3.661461739567E+002
1.140724826608E+002
1.224023157003E+002
1.773135762583E+002
1.811793823609E+002
2.193506246651E+002
2.262333247470E+002
2.373962046147E+002
1.230537967174E+002
1.499447018660E+002
1.609612714443E+002
1.963537760181E+002
2.107109910251E+002
2.160863608033E+002
2.574892773889E+002
2.107109910251E+002
2.148095835520E+002
2.190543109331E+002
2.363735932861E+002
2.677829502640E+002
2.697589459545E+002
3.021621454754E+002
3.393434922947E+001
7.595688212018E+001
1.198146329663E+002
1.233117577926E+002
1.237200951704E+002
1.324149323433E+002
1.461027115451E+002
1.129822814368E+002
1.375317424008E+002
1.425710727599E+002
1.487451428755E+002
1.582355129794E+002
1.589002547632E+002
1.612656800403E+002
1.835227411853E+002
2.123943542755E+002
2.232278909389E+002
2.489560858599E+002
2.681310149728E+002
2.765117329503E+002
2.849842392282E+002
1.234748443834E+002
1.449921906558E+002
1.562242617004E+002
1.898761419023E+002
1.966865563185E+002
1.985465895846E+002
2.044244135195E+002
1.384741387257E+002
1.385172198172E+002
1.392283854641E+002
1.495190948134E+002
1.570224408504E+002
1.591156599415E+002
1.700437686504E+002
1.548505312557E+002
1.602516397880E+002
1.991688345389E+002
2.097460385401E+002
2.717771282769E+002
3.010232478172E+002
3.058877266373E+002
1.217332428886E+002
1.254306839218E+002
1.586619378209E+002
1.628425337370E+002
1.642721137646E+002
1.656573729806E+002
1.685134554172E+002
7.539975349544E+001
1.123224566017E+002
1.427061793799E+002
1.459784806100E+002
1.525445535182E+002
1.531867903774E+002
1.566911271839E+002
1.526981345048E+002
1.815319985591E+002
1.834046295488E+002
2.065826113449E+002
2.134248427961E+002
2.254048783446E+002
2.489842689441E+002
1.291475070266E+002
1.485081286190E+002
1.569103955605E+002
1.622081615303E+002
1.625433331230E+002
1.774100199716E+002
1.968225580137E+002
1.815319985591E+002
2.802656297549E+002
3.523224266204E+002
3.539794559003E+002
3.589490695369E+002
3.843814327244E+002
3.940020699789E+002
6.250116315068E+001
7.281188718204E+001
1.193150972185E+002
1.523230278167E+002
1.533264515273E+002
1.534258391386E+002
1.541077933569E+002
1.536859896329E+002
1.649889042578E+002
1.832763818690E+002
1.925363205432E+002
1.993126707329E+002
2.116372488277E+002
2.144161188266E+002
9.836473744281E+001
1.061246828679E+002
2.119514637157E+002
2.619613824254E+002
2.627144923390E+002
2.864910147840E+002
3.192924399948E+002
2.158443590016E+002
2.349867717253E+002
2.515247519441E+002
2.534183475360E+002
2.727548754830E+002
2.815329376047E+002
3.108236020589E+002
1.825657036252E+002
2.433806360009E+002
2.584103618465E+002
2.756316991015E+002
3.210048672580E+002
3.403843907439E+002
3.702420715258E+002
2.729999858637E+002
3.620795684386E+002
3.818884512968E+002
4.097180575599E+002
4.658242909870E+002
4.759612667741E+002
5.192508955836E+002
1.632130765798E+002
1.841242949019E+002
1.933368579012E+002
1.958855083117E+002
2.012141084077E+002
2.086150989666E+002
2.232716445695E+002
8.119384386894E+001
1.139811004525E+002
1.176491390654E+002
1.291193050540E+002
1.481568099918E+002
1.487451428755E+002
1.530323640266E+002
1.536859896329E+002
1.820117867187E+002
2.071613847064E+002
2.189495697321E+002
2.292741043572E+002
2.516116874768E+002
2.587656597255E+002
1.722759164947E+002
1.993215451596E+002
2.030008492269E+002
2.047326461719E+002
2.072421956700E+002
2.119249921035E+002
2.368050612639E+002
6.285114472876E+001
8.058055870759E+001
1.195799382348E+002
1.549779552615E+002
1.591156599415E+002
1.749540823952E+002
1.764091266795E+002
1.877969310297E+002
2.020809866777E+002
2.112649735470E+002
2.113445564403E+002
2.752416391975E+002
2.867090094294E+002
2.977672702408E+002
1.321797193061E+002
1.901642101997E+002
2.057286753838E+002
2.061055702418E+002
2.099333508198E+002
2.202335042700E+002
2.295740606765E+002
1.561976841057E+002
1.720222236614E+002
1.832361389109E+002
1.837544506454E+002
1.963537760181E+002
2.003769172974E+002
2.041108390805E+002
2.166059381610E+002
2.391758468242E+002
2.398780494298E+002
2.699469679063E+002
3.030320800613E+002
3.100186179337E+002
3.155848956160E+002
1.555340764917E+002
1.602516397880E+002
1.881748205448E+002
2.065826113449E+002
2.130769151371E+002
2.399263779594E+002
2.513509565473E+002
1.685134554172E+002
2.159659144251E+002
2.403110278021E+002
2.610774383697E+002
2.613852387232E+002
2.710409473371E+002
2.777521866726E+002
1.968239030984E+002
2.485706469681E+002
3.044945673078E+002
3.102449621943E+002
3.118925329133E+002
3.238073592254E+002
3.442369362749E+002
1.492423469143E+002
1.571719555001E+002
1.619452915408E+002
1.667564153038E+002
1.771755973803E+002
1.876456572285E+002
1.881614201773E+002
1.032295741729E+002
1.232611567636E+002
1.941335705346E+002
2.058873964682E+002
2.881167492709E+002
2.907507911077E+002
3.086522966483E+002
1.414154690273E+002
1.503687856282E+002
1.696609621231E+002
1.783501879703E+002
1.803474462144E+002
1.994778049560E+002
1.994888284742E+002
1.339039056256E+002
1.659115393220E+002
1.748375427869E+002
1.958603368502E+002
1.979065007888E+002
2.152990661163E+002
2.156925760777E+002
1.049082827954E+002
1.164783052325E+002
1.700082168934E+002
1.700437686504E+002
1.797132120564E+002
1.857539263558E+002
1.866484631592E+002
1.845520586902E+002
1.909302668352E+002
2.453899378424E+002
2.455296246379E+002
2.628096391091E+002
2.637043048349E+002
2.704481579773E+002
6.777332575573E+001
1.238524718751E+002
1.507396178013E+002
1.924970255393E+002
1.958603368502E+002
2.314088537017E+002
2.327805916478E+002
1.494907673170E+002
1.700406294949E+002
2.072421956700E+002
2.256731282837E+002
2.378963590601E+002
2.464156882599E+002
2.553555263971E+002
9.777907760486E+001
1.495190948134E+002
1.958159580193E+002
2.054834122168E+002
2.142538858590E+002
2.148716792018E+002
2.258824983424E+002
2.147766260821E+002
2.347802819442E+002
2.968663063184E+002
2.975672484787E+002
3.214372617164E+002
3.344559570212E+002
3.411480398363E+002
7.432283527985E+001
1.423176315191E+002
1.432629423084E+002
1.722759164947E+002
1.815518402954E+002
1.890420406391E+002
2.235724845489E+002
1.395069006193E+002
1.495935560675E+002
1.624627275077E+002
1.629658282378E+002
1.739384535635E+002
1.881320486548E+002
1.889450043791E+002
6.338366773495E+001
7.136105887320E+001
8.119384386894E+001
8.185982478217E+001
1.032729551549E+002
1.206809443644E+002
1.446809601528E+002
1.355791576754E+002
1.499032227947E+002
1.645002254887E+002
1.722675287924E+002
1.897519867894E+002
1.898763388450E+002
2.338941112993E+002
1.022795457555E+002
1.753136805178E+002
1.788273208319E+002
1.941709346674E+002
1.996200661991E+002
1.997984600529E+002
2.242180533021E+002
8.487985585862E+001
1.032729551549E+002
1.088215869115E+002
1.466182197570E+002
1.470582686887E+002
1.471505864356E+002
1.502701313495E+002
2.481469207764E+002
2.896079139217E+002
2.919305440657E+002
2.938878711876E+002
2.971626811075E+002
3.054433039469E+002
3.568697255865E+002
2.110049560832E+002
2.143896921035E+002
2.432286434616E+002
2.913051503148E+002
2.923028313901E+002
2.996329144390E+002
3.013505844550E+002
2.318096920730E+002
2.405489402575E+002
2.585705203441E+002
2.640238954531E+002
2.684978452161E+002
2.966253594300E+002
3.024063458175E+002
1.165953704100E+002
1.289445831685E+002
1.550663105800E+002
1.866474844192E+002
1.919324282993E+002
1.943881917851E+002
2.080232457848E+002
3.863913448286E+002
4.160694945030E+002
4.228269853515E+002
4.249775597160E+002
4.638873798824E+002
4.678782645633E+002
4.738373331614E+002
8.828437387837E+001
1.061449613277E+002
1.366094347787E+002
1.831268205161E+002
1.906127331823E+002
1.920998648569E+002
1.981242160643E+002
2.081193407163E+002
2.164097702857E+002
2.456716787297E+002
2.562806921455E+002
2.694530163575E+002
2.750182495872E+002
2.803488992983E+002
7.416205952501E+001
9.896401326285E+001
1.161347199282E+002
1.487365243262E+002
1.657752552320E+002
1.671759595640E+002
1.725610438046E+002
1.114836166170E+002
1.794099297585E+002
2.464156882599E+002
2.525120039075E+002
2.568059770996E+002
2.589241343107E+002
2.635805235667E+002
1.492423469143E+002
1.539464370492E+002
1.699573251798E+002
1.934110625259E+002
1.991688345389E+002
2.065623646053E+002
2.268178638709E+002
1.853250000474E+002
1.941834526309E+002
2.240436436171E+002
2.553357450218E+002
2.599728830321E+002
2.634130452305E+002
2.688728268241E+002
4.077015756654E+002
4.321787746322E+002
4.958803406379E+002
5.455429957789E+002
5.533847032550E+002
5.542598454123E+002
5.759137390319E+002
6.777332575573E+001
1.339039056256E+002
1.507963183048E+002
1.593090699581E+002
1.843926933358E+002
1.925310464708E+002
1.992270882927E+002
1.507396178013E+002
1.684358192171E+002
2.284220985780E+002
2.631512327752E+002
2.658900495172E+002
2.724700719130E+002
2.835655873493E+002
1.343413593156E+002
1.614488339723E+002
2.084651113954E+002
2.395119073424E+002
2.748723822699E+002
2.765906597442E+002
2.903267849950E+002
3.600833869777E+002
3.722154556281E+002
3.864347334670E+002
4.272383685536E+002
4.363197421288E+002
4.409393898741E+002
4.487187650163E+002
1.641805719011E+002
1.851834901206E+002
1.977662706880E+002
2.077148774880E+002
2.158155248914E+002
2.199564722072E+002
2.261631858731E+002
1.136854605180E+002
1.507963183048E+002
1.993575384164E+002
2.166059381610E+002
2.265818300754E+002
2.410938049332E+002
2.701315829938E+002
7.943888848770E+001
1.326360429197E+002
1.337772749100E+002
1.523230278167E+002
1.604843286298E+002
1.624558425701E+002
1.797132120564E+002
1.254306839218E+002
1.733865442774E+002
2.282053564586E+002
2.344735127184E+002
2.403110278021E+002
2.672873699470E+002
2.795649126262E+002
1.124284038001E+002
1.563634929706E+002
1.741136704388E+002
1.823411566862E+002
2.091611094848E+002
2.480629355289E+002
2.688155528506E+002
1.141748434891E+002
1.237200951704E+002
1.496996969469E+002
1.824380275634E+002
1.862281640977E+002
1.883010846338E+002
1.906127331823E+002
1.586619378209E+002
1.733865442774E+002
1.741698387855E+002
1.752039124662E+002
2.159659144251E+002
2.236412482872E+002
2.695850090033E+002
1.699525377229E+002
1.965097482615E+002
2.993099048530E+002
3.102449621943E+002
3.542428441691E+002
3.843334151736E+002
3.950278253341E+002
1.158264702648E+002
1.544084417250E+002
1.709798819411E+002
1.778392190907E+002
1.797441636975E+002
1.962832207276E+002
1.963758029353E+002
1.985009566351E+002
2.112649735470E+002
2.401198498551E+002
2.541719238104E+002
2.975672484787E+002
2.980142842701E+002
3.285962119630E+002
2.376584993607E+002
2.717729249965E+002
2.822712649086E+002
3.092820173876E+002
3.115270407990E+002
3.120696022679E+002
3.130377958048E+002
1.613634992798E+002
1.699125774397E+002
2.202945407035E+002
2.315362698618E+002
2.475698196845E+002
2.498013249380E+002
2.570414994914E+002
1.171646247841E+002
1.197413878538E+002
1.252793693313E+002
1.324149323433E+002
1.337814388177E+002
1.406545428483E+002
1.466267386826E+002
1.399075214544E+002
1.465629619458E+002
1.559952033247E+002
1.609612714443E+002
1.628425337370E+002
1.684358192171E+002
1.924310176522E+002
1.551381005514E+002
1.802390534762E+002
1.818252094045E+002
1.843955083020E+002
1.897663541484E+002
1.943881917851E+002
2.087757497569E+002
2.954988520200E+002
5.258898262934E+002
5.348984226688E+002
5.881456716732E+002
6.028716734139E+002
6.378601929723E+002
6.510238006303E+002
1.563477357667E+002
1.817850315465E+002
1.871937321450E+002
2.002797835598E+002
2.080232457848E+002
2.188956529440E+002
2.273553072903E+002
1.501243342737E+002
1.853043003501E+002
2.203033414323E+002
2.245650232707E+002
2.547790274626E+002
2.747865279590E+002
2.767961901493E+002
1.232611567636E+002
1.493126378647E+002
2.034913757715E+002
2.074466604618E+002
2.318050032904E+002
2.660547555368E+002
2.785467697166E+002
1.574291709341E+002
1.688302811831E+002
1.727164928195E+002
1.853250000474E+002
2.255258155300E+002
2.255405435933E+002
2.578223996986E+002
1.864057415581E+002
1.900065295834E+002
2.896456694798E+002
2.981397255652E+002
3.539100319688E+002
4.094067583395E+002
4.155527395373E+002
7.943888848770E+001
1.554657495829E+002
1.656573729806E+002
1.707021578597E+002
1.866417977126E+002
1.923601543729E+002
1.956062740083E+002
9.558865228179E+001
1.727164928195E+002
1.941834526309E+002
2.299444986251E+002
2.304116623441E+002
2.552046880700E+002
2.596456891260E+002
1.486752650806E+002
2.295740606765E+002
2.318112333774E+002
2.320141369090E+002
2.463475100485E+002
2.489560858599E+002
2.638286478187E+002
1.552229509924E+002
2.332304165439E+002
3.545171722386E+002
3.558997137529E+002
3.622818765859E+002
3.627879573825E+002
3.672220971111E+002
1.802390534762E+002
2.823004414986E+002
2.897240844564E+002
3.099444125141E+002
3.284678353917E+002
3.666476791009E+002
3.839842941053E+002
2.398003134911E+002
2.685658329858E+002
2.705488038243E+002
2.823119855804E+002
2.901607229324E+002
2.927828871508E+002
3.121117093726E+002
9.635578937689E+001
1.682179733086E+002
2.135204050698E+002
2.199946628504E+002
2.200688847391E+002
2.291855454059E+002
2.544497403005E+002
1.960497086324E+002
2.002880061885E+002
2.405539710838E+002
2.551304870316E+002
2.554469205258E+002
2.694834965016E+002
2.832062289312E+002
1.229751330608E+002
2.050588427673E+002
2.143896921035E+002
2.148694636484E+002
2.503585229147E+002
2.535670802995E+002
2.543826716334E+002
2.102549438177E+002
2.119514637157E+002
2.225146001088E+002
2.443054962810E+002
2.737265033535E+002
2.914443265874E+002
2.976401572940E+002
1.229503611358E+002
1.796368426029E+002
2.029120297664E+002
2.174980426520E+002
2.302119621866E+002
2.310803974301E+002
2.345104972129E+002
1.395069006193E+002
1.421417436841E+002
1.889517627580E+002
1.991311674063E+002
2.031868345285E+002
2.034217995462E+002
2.040696159321E+002
1.437229215417E+002
1.609099304102E+002
1.681253181168E+002
1.725308623844E+002
1.746507688892E+002
1.771213210943E+002
1.963758029353E+002
1.310982533216E+002
1.659115393220E+002
1.988748301368E+002
2.054708893086E+002
2.398965634405E+002
2.513650107266E+002
2.756416312114E+002
1.424391941143E+002
1.933448647361E+002
1.954432960579E+002
1.983481303138E+002
2.030487323732E+002
2.193525349258E+002
2.306447274558E+002
9.836473744281E+001
1.875166860177E+002
2.443054962810E+002
2.836290413060E+002
2.889543450977E+002
3.193685821344E+002
3.539173914567E+002
1.431976394392E+002
1.511338103371E+002
1.761909853226E+002
2.225705281862E+002
2.394350607709E+002
2.477497342824E+002
2.605130525218E+002
2.209947990704E+002
2.232716445695E+002
2.838650268316E+002
3.140403740080E+002
3.264655729376E+002
3.289304017575E+002
3.628425356827E+002
1.756559254911E+002
1.913130696515E+002
2.262034945180E+002
2.374912303829E+002
2.535502080074E+002
2.599676579789E+002
2.739927772439E+002
1.552229509924E+002
2.041108390805E+002
2.076045903990E+002
2.301095286912E+002
2.640238954531E+002
2.720970709490E+002
3.009618161524E+002
8.828437387837E+001
1.061246828679E+002
1.129822814368E+002
1.167531974722E+002
1.189454512633E+002
1.603651759030E+002
1.720859532885E+002
2.622529544417E+002
3.032628142583E+002
3.636233919952E+002
3.855703826175E+002
4.471674188552E+002
5.396726387607E+002
5.597592510770E+002
7.432283527985E+001
8.058055870759E+001
1.201869474327E+002
1.611443587216E+002
1.722643276025E+002
2.396821266561E+002
2.432698713337E+002
1.805511334657E+002
2.194209298879E+002
2.528477435539E+002
2.898880687449E+002
2.903344189070E+002
2.914183901181E+002
2.943654185832E+002
1.603250330163E+002
1.632130765798E+002
1.689696187562E+002
1.812814642713E+002
1.897519867894E+002
1.963195826271E+002
2.050931089753E+002
2.692219541543E+002
3.972878497946E+002
4.114828371656E+002
4.510959286465E+002
4.555265806863E+002
4.804659090970E+002
5.078795485462E+002
2.362088391150E+002
2.598140666425E+002
2.660393554860E+002
2.680033672682E+002
2.722592543118E+002
2.724041147868E+002
2.873259864903E+002
6.692989501258E+001
7.136105887320E+001
1.117049529961E+002
1.164011513519E+002
1.176491390654E+002
1.232630543724E+002
1.332690259541E+002
1.582747957740E+002
2.121868714816E+002
2.288746696037E+002
2.475273527177E+002
2.485694726560E+002
2.586697575264E+002
2.631432654774E+002
1.704237641753E+002
1.812814642713E+002
1.845431486039E+002
1.926320349734E+002
1.955198380583E+002
2.518742699710E+002
2.562619708493E+002
9.635578937689E+001
1.230537967174E+002
1.318037709257E+002
1.399075214544E+002
1.832361389109E+002
1.956062740083E+002
1.981649071620E+002
1.741698387855E+002
2.795649126262E+002
2.884870100702E+002
3.322956269535E+002
3.768049183999E+002
3.882358454363E+002
3.905016467887E+002
8.071560998830E+001
1.112133623785E+002
1.375317424008E+002
1.520860901053E+002
1.700082168934E+002
1.804504018415E+002
1.880602475593E+002
1.825657036252E+002
2.535502080074E+002
2.668864882278E+002
2.783565998795E+002
2.795184044011E+002
2.881167492709E+002
2.938356563474E+002
1.656189158998E+002
1.854213544977E+002
1.900065295834E+002
1.960900814757E+002
2.090448231453E+002
2.289691178586E+002
2.368113895854E+002
1.558056267969E+002
1.559952033247E+002
1.561976841057E+002
1.667110836992E+002
2.076045903990E+002
2.090183243798E+002
2.332304165439E+002
1.506739524703E+002
1.593090699581E+002
1.649971135478E+002
1.979065007888E+002
1.993575384164E+002
2.260551518693E+002
2.466653895256E+002
2.768763830900E+002
3.712801821741E+002
4.075238493200E+002
4.142514715402E+002
4.379701694438E+002
4.523738328241E+002
4.661432392409E+002
9.411178945357E+001
1.503687856282E+002
1.625799050701E+002
1.864774392321E+002
1.951198880233E+002
1.968225580137E+002
1.999764024837E+002
1.849973203847E+002
2.108012884914E+002
2.580523115979E+002
2.599804062864E+002
2.635644465198E+002
2.766184705493E+002
2.789864407300E+002
6.338366773495E+001
8.583482651112E+001
1.082010338340E+002
1.312560058220E+002
1.371398579745E+002
1.584883228172E+002
1.619833398646E+002
1.343655140137E+002
1.487380858354E+002
1.570551878126E+002
1.656189158998E+002
1.864057415581E+002
1.905871340596E+002
1.968404755361E+002
2.598094726908E+002
2.600156858667E+002
2.748010896899E+002
2.793203589174E+002
2.975626253557E+002
3.265508522402E+002
3.287199585661E+002
1.229615806948E+002
1.267527585203E+002
1.309709972845E+002
1.421417436841E+002
1.495935560675E+002
1.553743376923E+002
1.626210477620E+002
1.703054117202E+002
1.710228046585E+002
1.875317182671E+002
1.881550669496E+002
2.215299939758E+002
2.332575228111E+002
2.388820655764E+002
1.483459128191E+002
1.700406294949E+002
1.933448647361E+002
1.985730617645E+002
2.081193407163E+002
2.130356671832E+002
2.260976795771E+002
3.213141931200E+002
3.270614091543E+002
3.331604435675E+002
3.420598494414E+002
3.533717652275E+002
3.574682641493E+002
3.677257570837E+002
7.524742162618E+001
8.550321029801E+001
9.548705424482E+001
1.115402183789E+002
1.587915893061E+002
1.949561375271E+002
2.028638061132E+002
7.831792204181E+001
1.124284038001E+002
1.887493533173E+002
1.973170365883E+002
2.294773034999E+002
2.297605431575E+002
2.323221024000E+002
1.062252399421E+002
1.232630543724E+002
1.289098675551E+002
1.639653819095E+002
2.001291406241E+002
2.062208468684E+002
2.251195357328E+002
8.298240990349E+001
1.466875055641E+002
1.783501879703E+002
1.819134669138E+002
1.846698276097E+002
1.884241284087E+002
1.944690560865E+002
7.623666899032E+001
1.233117577926E+002
1.277752189491E+002
1.290270693580E+002
1.324244980486E+002
1.341779573938E+002
1.549539382767E+002
1.167498746292E+002
1.248187167444E+002
1.744269564495E+002
1.916474555460E+002
1.946727848029E+002
2.017047577296E+002
2.018608101020E+002
1.941335705346E+002
2.074466604618E+002
2.536540341165E+002
2.783565998795E+002
2.921409107154E+002
3.018763733596E+002
3.042506424275E+002
9.543268858423E+001
1.028288974822E+002
1.542817035538E+002
1.725308623844E+002
1.914363007311E+002
1.954432960579E+002
1.964773770971E+002
8.550321029801E+001
1.022795457555E+002
1.545794137169E+002
1.676240634082E+002
1.814033524927E+002
1.862281640977E+002
1.902020588221E+002
1.722675287924E+002
1.845431486039E+002
1.927006734160E+002
1.949721410595E+002
1.963195826271E+002
2.455044670956E+002
2.470564010624E+002
9.242393674748E+001
1.439376487897E+002
2.180902278378E+002
2.799253854675E+002
2.833774451937E+002
2.958796307757E+002
3.042908428362E+002
8.487985585862E+001
1.305793394882E+002
1.483454702089E+002
1.526996095055E+002
1.544084417250E+002
1.639083033241E+002
1.776998389550E+002
9.558865228179E+001
1.574291709341E+002
2.077148774880E+002
2.421934491372E+002
2.463765674694E+002
2.704921201994E+002
2.752842174146E+002
2.230352913733E+002
2.475273527177E+002
3.340910604153E+002
3.549201490685E+002
3.578731475957E+002
3.956506780656E+002
4.101057939430E+002
1.680238101314E+002
1.955198380583E+002
1.960650962453E+002
2.050931089753E+002
2.190239988950E+002
2.259152225423E+002
2.298034434143E+002
1.347940401618E+002
1.526996095055E+002
1.681521850610E+002
1.846698276097E+002
1.977067711071E+002
2.038509062016E+002
2.123614149356E+002
1.881727059615E+002
1.886031771702E+002
1.925310464708E+002
2.265818300754E+002
2.722510309608E+002
2.729469097074E+002
2.886016347280E+002
1.065163519788E+002
1.112742594358E+002
1.563477357667E+002
1.688302811831E+002
1.760972208789E+002
1.774113098146E+002
1.889188560565E+002
2.282053564586E+002
2.559177580278E+002
2.691042211538E+002
2.727151744799E+002
2.805118735530E+002
2.872507796769E+002
2.895000673666E+002
1.217332428886E+002
1.646900541721E+002
1.753136805178E+002
1.849973203847E+002
1.929761835054E+002
2.236412482872E+002
2.257776988830E+002
1.796213397739E+002
2.177020259535E+002
2.182948031903E+002
2.326287861649E+002
2.350312536725E+002
2.641346637679E+002
2.682833862137E+002
1.671759595640E+002
1.685884277418E+002
1.898506669601E+002
2.060620958360E+002
2.205736017983E+002
2.208953126722E+002
2.350312536725E+002
2.556311590402E+002
2.607927140959E+002
2.666193182059E+002
2.691794230900E+002
2.890030095633E+002
2.890693219384E+002
3.262835261022E+002
1.414154690273E+002
2.246130867721E+002
2.262620385145E+002
2.302151443633E+002
2.576186280581E+002
2.582895527666E+002
2.717463984901E+002
4.191147193906E+001
1.117049529961E+002
1.639653819095E+002
1.667564153038E+002
1.814178390740E+002
1.854796309346E+002
1.899355223611E+002
1.238524718751E+002
1.992270882927E+002
2.712210278758E+002
2.835655873493E+002
3.294351071642E+002
3.446099229173E+002
3.510396627076E+002
1.761909853226E+002
2.134770202847E+002
2.332575228111E+002
2.763223482297E+002
2.790518401115E+002
3.027391742469E+002
3.510913888505E+002
2.409988046229E+002
2.452939432479E+002
2.572196265931E+002
2.741176099748E+002
2.746816346304E+002
2.758941491051E+002
2.820842463046E+002
1.968404755361E+002
2.325344803229E+002
2.426216791702E+002
2.890693219384E+002
3.286295506149E+002
3.411480398363E+002
3.483294321748E+002
1.881320486548E+002
2.269998572335E+002
2.333499381290E+002
2.472240686108E+002
2.931365245666E+002
3.013842212906E+002
3.098651632525E+002
2.565793402849E+002
2.859193557321E+002
3.226928009293E+002
3.874327223146E+002
4.278256060388E+002
4.617366878315E+002
4.759338603445E+002
1.485767324068E+002
1.686352448223E+002
2.054708893086E+002
2.246577373116E+002
2.398780494298E+002
2.410938049332E+002
2.886016347280E+002
1.805511334657E+002
1.926439630070E+002
1.982253038502E+002
2.214410642201E+002
2.457351767226E+002
2.527763828429E+002
2.536940016061E+002
1.683452465863E+002
2.032771996125E+002
2.097966476302E+002
2.236389123207E+002
2.252865137734E+002
2.305505414699E+002
2.376688344749E+002
6.471865747966E+001
1.171646247841E+002
1.431976394392E+002
1.710228046585E+002
1.931844848622E+002
1.964986189817E+002
1.970879739155E+002
2.433806360009E+002
2.692513703051E+002
2.695114607552E+002
2.831229879079E+002
3.148319034922E+002
3.581047895170E+002
3.604188177902E+002
1.437474676933E+002
2.376566612908E+002
2.418843479604E+002
2.736267721697E+002
2.768249305538E+002
3.046674835708E+002
3.097229038577E+002
9.896401326285E+001
1.053321277490E+002
1.274964755918E+002
1.388970861476E+002
1.440783685523E+002
1.470582686887E+002
1.549779552615E+002
1.306839124997E+002
1.385170073916E+002
1.787401180092E+002
1.794132149671E+002
1.938342693442E+002
1.992245524629E+002
2.199640518173E+002
1.065163519788E+002
2.555619778249E+002
2.728306554153E+002
2.805188259616E+002
2.884513457888E+002
2.963423380487E+002
3.104237001993E+002
1.032295741729E+002
1.493126378647E+002
1.553743376923E+002
1.914363007311E+002
2.053283889147E+002
2.107162882527E+002
2.148694636484E+002
1.998237820884E+002
2.339570775474E+002
2.463475100485E+002
2.549511631444E+002
2.828979446841E+002
3.004001528952E+002
3.012075783805E+002
3.886548980822E+002
4.466014490473E+002
4.821360594681E+002
4.984917660418E+002
5.279700294275E+002
5.451445505739E+002
5.531104509516E+002
9.548705424482E+001
1.082010338340E+002
1.106660785275E+002
1.137002610805E+002
1.156431589851E+002
1.187336649260E+002
1.206809443644E+002
1.224023157003E+002
1.549539382767E+002
1.557897002239E+002
1.582355129794E+002
1.652070560524E+002
1.863934683803E+002
1.880602475593E+002
7.831792204181E+001
1.815518402954E+002
2.091611094848E+002
2.347559347757E+002
2.826740634118E+002
2.934600796548E+002
3.046870844539E+002
1.641279689950E+002
2.109029685464E+002
2.298550692955E+002
2.478890382807E+002
2.645634720257E+002
2.727454143233E+002
2.795165746614E+002
2.192031186377E+002
2.417678694239E+002
3.238073592254E+002
3.436858123232E+002
3.542428441691E+002
3.777399990053E+002
3.949695086553E+002
1.136854605180E+002
1.485767324068E+002
1.506739524703E+002
1.881727059615E+002
2.157730860191E+002
2.253868560043E+002
2.353961125687E+002
1.002430518751E+002
1.493471073773E+002
1.579240466614E+002
1.784187648044E+002
2.056520354216E+002
2.083608242006E+002
2.117751133102E+002
1.965097482615E+002
2.327805916478E+002
2.354505973458E+002
2.651773742616E+002
2.729469097074E+002
3.436858123232E+002
3.522686749214E+002
3.444125736193E+002
3.687231411161E+002
4.110226388601E+002
4.175375510689E+002
4.407697686626E+002
4.426829352205E+002
4.677493142370E+002
1.002430518751E+002
1.115402183789E+002
1.318037709257E+002
1.419357682178E+002
1.612656800403E+002
1.801093513619E+002
1.841228584209E+002
1.310982533216E+002
1.952128735879E+002
2.156925760777E+002
2.485393872093E+002
2.519849805525E+002
2.541140862862E+002
2.568012875017E+002
2.315020361286E+002
2.969951934107E+002
2.990820569503E+002
3.200804710839E+002
3.469017220349E+002
3.659491369975E+002
3.824902717354E+002
6.250116315068E+001
8.117540263321E+001
1.267527585203E+002
1.344360769861E+002
1.437229215417E+002
1.556964418708E+002
1.612303909033E+002
2.030487323732E+002
2.199564722072E+002
2.406210848111E+002
2.469980381613E+002
2.528485845156E+002
2.563657906070E+002
2.745513685372E+002
1.106660785275E+002
1.186442784939E+002
1.458923531140E+002
1.641805719011E+002
1.713197317489E+002
1.804504018415E+002
1.836286799045E+002
8.969304806017E+001
2.188902017068E+002
2.212902743320E+002
2.244981190398E+002
2.449705425894E+002
2.663083574973E+002
2.744995788680E+002
1.536804514637E+002
1.579240466614E+002
1.609099304102E+002
1.756559254911E+002
1.977144868190E+002
2.150463214639E+002
2.206224728687E+002
2.673728115968E+002
2.721024494314E+002
3.136312904716E+002
3.744791407727E+002
3.970566633093E+002
4.024056702842E+002
4.124327372891E+002
1.357731662577E+002
1.427061793799E+002
1.888356132622E+002
2.204203669329E+002
2.275513662182E+002
2.348609546561E+002
2.361541291674E+002
1.932329048729E+002
2.024097785011E+002
2.232278909389E+002
2.262333247470E+002
2.300948869274E+002
2.321920762166E+002
2.393143564295E+002
3.536896531447E+002
4.160118594369E+002
4.314571036127E+002
4.599324236788E+002
4.749254637320E+002
4.789983145534E+002
4.799968854611E+002
1.675195584347E+002
2.199640518173E+002
2.246130867721E+002
2.247282483981E+002
2.450005553727E+002
2.588594843793E+002
2.634475820739E+002
1.888356132622E+002
2.959379760719E+002
3.376757558432E+002
3.400487742524E+002
3.552153090285E+002
3.681539687174E+002
3.684399797070E+002
2.699814238682E+002
3.596020076138E+002
3.716727768989E+002
3.886043993778E+002
4.022952012515E+002
4.049178668077E+002
4.206597006173E+002
1.138976275728E+002
1.386039834419E+002
1.582747957740E+002
1.652070560524E+002
1.773135762583E+002
2.011587638443E+002
2.015772703193E+002
8.298240990349E+001
1.620021550522E+002
2.324881711879E+002
2.376156696932E+002
2.406920688743E+002
2.416972693184E+002
2.457351767226E+002
9.554831951020E+001
1.156431589851E+002
1.510028221312E+002
1.675517324791E+002
1.851543553479E+002
1.882029251505E+002
1.909882290759E+002
9.777907760486E+001
1.195799382348E+002
1.337772749100E+002
1.385172198172E+002
1.404643744564E+002
1.423176315191E+002
1.442907855375E+002
2.256234733945E+002
2.318050032904E+002
2.387533935359E+002
2.536540341165E+002
2.576186280581E+002
2.581078756081E+002
2.638086213713E+002
1.618683784125E+002
2.090183243798E+002
2.348174176350E+002
2.641895361243E+002
2.826669362214E+002
2.879686807256E+002
3.420427931205E+002
1.977067711071E+002
2.530881937596E+002
2.847877750458E+002
2.905537967044E+002
2.915445499400E+002
3.059576816229E+002
3.168674975785E+002
2.306447274558E+002
2.865072071260E+002
2.886789685751E+002
2.914183901181E+002
2.977990814162E+002
2.983069597417E+002
3.166286524615E+002
1.536804514637E+002
1.618683784125E+002
2.401447404623E+002
2.417678694239E+002
2.836910950015E+002
2.924844591721E+002
2.988074848793E+002
1.112742594358E+002
1.229615806948E+002
1.229751330608E+002
1.722541437840E+002
1.840629599706E+002
1.928632202354E+002
2.097281025097E+002
3.918663032712E+002
4.278398404113E+002
4.801033271889E+002
5.127944206982E+002
5.231119577243E+002
5.292266200608E+002
5.327486580882E+002
1.502701313495E+002
1.613696574528E+002
1.944690560865E+002
2.050588427673E+002
2.093538650951E+002
2.097281025097E+002
2.244333404921E+002
1.968239030984E+002
2.756316991015E+002
3.850973147197E+002
4.302667996668E+002
4.767663161428E+002
4.818712561952E+002
5.136896414121E+002
2.440500229158E+002
2.582800800011E+002
3.000076179472E+002
3.030302144938E+002
3.166565025541E+002
3.408069700285E+002
3.411100416520E+002
2.805188259616E+002
2.982190022996E+002
3.132688149494E+002
3.851012620592E+002
3.970479832490E+002
4.159094391330E+002
4.192069825125E+002
7.524742162618E+001
1.187336649260E+002
1.545794137169E+002
1.996200661991E+002
2.072127350499E+002
2.279649518870E+002
2.504083105129E+002
1.887234087489E+002
1.964773770971E+002
2.359388001642E+002
2.597465284846E+002
3.135182750916E+002
3.137402245208E+002
3.229140871601E+002
2.301095286912E+002
2.514859475739E+002
2.853900838513E+002
3.065468283364E+002
3.565454951856E+002
3.644926411961E+002
3.666445068315E+002
2.034913757715E+002
2.645742659750E+002
2.921409107154E+002
3.158115900610E+002
3.532104213314E+002
3.743559375974E+002
4.227020157795E+002
1.550394729568E+002
1.851543553479E+002
1.933948839157E+002
2.699814238682E+002
2.828979446841E+002
2.848370304289E+002
2.906824724932E+002
8.969304806017E+001
1.542817035538E+002
1.942644267253E+002
1.983481303138E+002
2.130356671832E+002
2.218318593097E+002
2.298409694099E+002
2.622045118209E+002
2.715925331088E+002
3.132688149494E+002
3.403693894641E+002
3.904205811310E+002
4.232798131451E+002
4.314884465106E+002
1.649971135478E+002
2.783508974768E+002
3.987850367976E+002
4.056604946737E+002
4.290660853394E+002
4.293813512252E+002
4.322025630051E+002
1.357731662577E+002
1.483454702089E+002
1.962832207276E+002
1.977268053608E+002
2.131696549483E+002
2.152233094231E+002
2.544223545134E+002
1.424391941143E+002
1.681253181168E+002
1.703054117202E+002
1.977268053608E+002
2.036392816773E+002
2.056520354216E+002
2.063007258693E+002
1.229503611358E+002
1.394850192425E+002
1.406545428483E+002
1.459784806100E+002
1.536170613046E+002
1.678656643200E+002
1.889482788572E+002
1.644220433834E+002
1.693195718884E+002
2.120272977041E+002
2.277114027574E+002
2.368113895854E+002
2.527916301908E+002
2.555579415522E+002
1.283180995898E+002
2.226512407593E+002
2.361541291674E+002
3.128001961916E+002
3.400468470435E+002
3.400487742524E+002
3.652499551655E+002
2.599676579789E+002
2.742147620418E+002
2.831576830438E+002
2.932655262209E+002
3.024758434219E+002
3.224018070625E+002
3.303925983143E+002
1.283180995898E+002
1.531867903774E+002
2.195597559826E+002
2.214410642201E+002
2.269347856958E+002
2.288724290847E+002
2.515834392223E+002
1.347940401618E+002
1.679516536606E+002
1.862837468934E+002
1.889188560565E+002
1.947457771250E+002
2.000475330824E+002
2.010390583040E+002
3.814998702122E+002
4.040755270537E+002
4.095981267132E+002
4.396249376851E+002
4.458949869347E+002
4.793389687816E+002
5.185668934891E+002
1.620021550522E+002
2.315020361286E+002
2.481469207764E+002
2.983069597417E+002
3.338524575114E+002
3.481214482913E+002
3.595195157145E+002
1.344360769861E+002
1.443712499243E+002
1.465406132109E+002
1.501243342737E+002
1.546369186274E+002
2.004842119275E+002
2.149677344336E+002
1.138976275728E+002
2.109029685464E+002
2.169982475427E+002
2.476647044531E+002
2.567690405262E+002
2.683833132358E+002
2.691700626975E+002
8.583482651112E+001
9.554831951020E+001
1.137002610805E+002
1.550394729568E+002
1.703277569910E+002
1.947293529682E+002
2.030467847280E+002
2.310868725659E+002
2.574279312345E+002
2.963423380487E+002
3.745347368237E+002
3.748948784585E+002
3.797703712695E+002
4.040967855649E+002
1.367938616906E+002
2.014290763541E+002
2.438120018010E+002
2.493626719983E+002
2.588692363786E+002
2.675501887764E+002
2.825276297935E+002
1.114836166170E+002
1.189454512633E+002
1.198146329663E+002
1.248187167444E+002
1.605191416045E+002
1.646619032688E+002
1.883010846338E+002
1.886031771702E+002
3.151521773113E+002
4.057463751739E+002
4.103484366603E+002
4.151214051512E+002
4.241066369479E+002
4.308207404611E+002
1.752039124662E+002
1.843926933358E+002
1.924970255393E+002
2.359729909662E+002
2.380083757575E+002
2.382137376016E+002
2.613852387232E+002
1.809357495727E+002
1.927215115560E+002
2.357593865886E+002
2.364078794921E+002
2.409503016197E+002
2.525991830375E+002
2.562306114398E+002
1.201869474327E+002
1.432629423084E+002
1.494907673170E+002
1.746507688892E+002
1.749540823952E+002
1.789336497389E+002
1.947293529682E+002
