1.277958950000E+008
1.547574330000E+008
1.804495890000E+008
1.898546600000E+008
1.900921070000E+008
1.909559740000E+008
1.975440060000E+008
2.008752730000E+008
2.025792070000E+008
2.108486610000E+008
2.006683700000E+007
2.323447700000E+007
3.480295000000E+007
5.094159800000E+007
6.118925800000E+007
8.489908000000E+007
8.987376400000E+007
9.227886900000E+007
9.430538100000E+007
9.496936000000E+007
2.006683700000E+007
2.652613800000E+007
3.627459300000E+007
4.908631700000E+007
5.698863900000E+007
7.820156700000E+007
8.339290100000E+007
8.521311200000E+007
8.804606900000E+007
8.858304400000E+007
3.480295000000E+007
3.517544500000E+007
3.627459300000E+007
4.430115600000E+007
4.654388400000E+007
5.994645200000E+007
6.537542800000E+007
6.657922300000E+007
6.868007000000E+007
7.197452700000E+007
3.451623000000E+007
4.077162200000E+007
4.430115600000E+007
4.486444100000E+007
4.667092000000E+007
4.673357700000E+007
4.847203200000E+007
4.908631700000E+007
5.094159800000E+007
5.229404800000E+007
2.874320400000E+007
3.451623000000E+007
3.455893200000E+007
3.486992300000E+007
3.596639000000E+007
3.951348200000E+007
4.365476300000E+007
4.551989300000E+007
4.558206200000E+007
4.563066700000E+007
2.323447700000E+007
2.652613800000E+007
3.517544500000E+007
4.486444100000E+007
5.115186900000E+007
6.877881100000E+007
7.393064300000E+007
7.614344200000E+007
7.788043200000E+007
7.973845300000E+007
9.423983800000E+007
9.820667600000E+007
9.893497500000E+007
1.000513300000E+008
1.036305140000E+008
1.050810090000E+008
1.093713640000E+008
1.098829350000E+008
1.100466190000E+008
1.105717900000E+008
9.496413400000E+007
9.923744000000E+007
1.003274830000E+008
1.006187430000E+008
1.011830160000E+008
1.017404260000E+008
1.113488000000E+008
1.116857130000E+008
1.120038290000E+008
1.122337680000E+008
9.464018800000E+007
9.862538200000E+007
9.868938500000E+007
9.964679400000E+007
1.003716470000E+008
1.010940360000E+008
1.082590860000E+008
1.082662350000E+008
1.095326230000E+008
1.103173550000E+008
1.201632200000E+007
2.234477800000E+007
3.278999000000E+007
4.894131000000E+007
7.862364400000E+007
9.597043300000E+007
1.352287560000E+008
1.355353650000E+008
1.403745730000E+008
1.406914010000E+008
1.201632200000E+007
3.071611400000E+007
3.843583200000E+007
5.124839800000E+007
7.610485400000E+007
8.953580100000E+007
1.240374920000E+008
1.248181390000E+008
1.290706940000E+008
1.291608970000E+008
2.234477800000E+007
3.071611400000E+007
4.300055600000E+007
5.417813000000E+007
7.354458800000E+007
8.428410300000E+007
1.139035640000E+008
1.158792870000E+008
1.184658820000E+008
1.198242950000E+008
4.894131000000E+007
5.124839800000E+007
5.417813000000E+007
5.449589400000E+007
6.445025200000E+007
7.014963500000E+007
9.047581600000E+007
9.070244200000E+007
9.293111200000E+007
9.391879700000E+007
5.419336100000E+007
5.923819000000E+007
6.234603600000E+007
6.341869000000E+007
6.445025200000E+007
6.528083400000E+007
6.565393500000E+007
6.651392900000E+007
6.695103200000E+007
6.842458800000E+007
4.077640900000E+007
4.524287500000E+007
4.552579300000E+007
4.704617800000E+007
4.824919500000E+007
4.828109100000E+007
5.145831800000E+007
5.419336100000E+007
5.443069200000E+007
5.554444700000E+007
3.278999000000E+007
3.843583200000E+007
4.300055600000E+007
5.449589400000E+007
6.842458800000E+007
7.394644100000E+007
9.793121100000E+007
9.842383400000E+007
1.022711010000E+008
1.033362710000E+008
1.366670530000E+008
1.393033230000E+008
1.397459000000E+008
1.406848480000E+008
1.428247080000E+008
1.432175810000E+008
1.433160420000E+008
1.449182950000E+008
1.476259300000E+008
1.494274460000E+008
1.367329400000E+008
1.377220730000E+008
1.411706380000E+008
1.425170490000E+008
1.432938470000E+008
1.436684220000E+008
1.443739820000E+008
1.444807100000E+008
1.464890250000E+008
1.477991210000E+008
1.389849290000E+008
1.400126980000E+008
1.421121920000E+008
1.435153440000E+008
1.452516880000E+008
1.490898440000E+008
1.493531690000E+008
1.501717800000E+008
1.509553450000E+008
1.513282730000E+008
4.472208000000E+006
8.134918000000E+006
1.138089000000E+007
1.793454000000E+007
2.905380200000E+007
3.526196400000E+007
4.996361700000E+007
5.276631500000E+007
5.374762600000E+007
5.485646400000E+007
4.472208000000E+006
1.111410200000E+007
1.358205400000E+007
1.885843200000E+007
2.774640600000E+007
3.275289200000E+007
4.650056300000E+007
5.023570800000E+007
5.034486100000E+007
5.424717100000E+007
8.134918000000E+006
1.111410200000E+007
1.542349600000E+007
1.963828200000E+007
2.679211200000E+007
3.069947200000E+007
4.396337500000E+007
4.712333000000E+007
4.836931900000E+007
5.201492900000E+007
1.793454000000E+007
1.885843200000E+007
1.963828200000E+007
2.049590200000E+007
2.409518600000E+007
2.531375200000E+007
3.635501900000E+007
3.925352200000E+007
4.229209700000E+007
4.558206200000E+007
1.930805200000E+007
2.409518600000E+007
2.597277200000E+007
2.679211200000E+007
2.774640600000E+007
2.824693500000E+007
2.905380200000E+007
3.053752000000E+007
3.455893200000E+007
3.534831000000E+007
1.930805200000E+007
2.408785300000E+007
2.508976200000E+007
2.531375200000E+007
2.846202200000E+007
2.874320400000E+007
2.911713600000E+007
3.069947200000E+007
3.268048500000E+007
3.275289200000E+007
1.138089000000E+007
1.358205400000E+007
1.542349600000E+007
2.049590200000E+007
2.597277200000E+007
2.911713600000E+007
3.857364100000E+007
4.136059500000E+007
4.217170600000E+007
4.333698400000E+007
4.834275800000E+007
4.892999600000E+007
4.896620700000E+007
5.006642600000E+007
5.081508700000E+007
5.089320600000E+007
5.435719800000E+007
5.486695900000E+007
5.724953400000E+007
5.728189600000E+007
4.559540400000E+007
4.883207800000E+007
4.918928300000E+007
4.996982800000E+007
5.148459300000E+007
5.203945400000E+007
5.301272200000E+007
5.510287200000E+007
5.537836600000E+007
5.563821300000E+007
4.843377000000E+007
4.891091000000E+007
4.931939300000E+007
5.035660000000E+007
5.043628800000E+007
5.117174100000E+007
5.438144800000E+007
5.571330700000E+007
5.728189600000E+007
5.766053400000E+007
3.214407000000E+006
1.134318600000E+007
2.257491500000E+007
4.836102800000E+007
7.850976100000E+007
9.805227300000E+007
1.074123580000E+008
1.192320440000E+008
1.197745460000E+008
1.203789720000E+008
1.134318600000E+007
1.407241100000E+007
2.953125700000E+007
5.145110800000E+007
7.577956100000E+007
9.151596700000E+007
1.009662580000E+008
1.126058020000E+008
1.128063940000E+008
1.129506060000E+008
2.257491500000E+007
2.463521400000E+007
2.953125700000E+007
5.364671700000E+007
7.292165400000E+007
8.484992000000E+007
9.447797500000E+007
1.036328390000E+008
1.036511890000E+008
1.049477510000E+008
4.836102800000E+007
4.874208300000E+007
5.145110800000E+007
5.364671700000E+007
6.622299900000E+007
7.117897500000E+007
7.888314600000E+007
8.000156000000E+007
8.159093800000E+007
8.477234400000E+007
5.279589300000E+007
5.342399200000E+007
5.641725900000E+007
5.944610200000E+007
6.040270100000E+007
6.154357500000E+007
6.186537500000E+007
6.296978900000E+007
6.622299900000E+007
6.847238100000E+007
3.511741100000E+007
4.000502300000E+007
4.143205000000E+007
4.168081100000E+007
4.365476300000E+007
4.797696500000E+007
5.021999100000E+007
5.045040700000E+007
5.093824600000E+007
5.110864200000E+007
3.214407000000E+006
1.407241100000E+007
2.463521400000E+007
4.874208300000E+007
7.753622400000E+007
9.563356800000E+007
1.034558490000E+008
1.149639430000E+008
1.155952790000E+008
1.162104310000E+008
1.192320440000E+008
1.262802550000E+008
1.265361980000E+008
1.278942660000E+008
1.288933480000E+008
1.290781430000E+008
1.298062630000E+008
1.303343680000E+008
1.321778530000E+008
1.322703240000E+008
1.192320440000E+008
1.304109510000E+008
1.337259100000E+008
1.340131760000E+008
1.341981000000E+008
1.352150390000E+008
1.377706180000E+008
1.384513660000E+008
1.384861860000E+008
1.385574050000E+008
1.192320440000E+008
1.274579610000E+008
1.282410690000E+008
1.299910530000E+008
1.307561580000E+008
1.314621700000E+008
1.322481610000E+008
1.331167420000E+008
1.341981000000E+008
1.341981000000E+008
7.383512000000E+006
1.048349600000E+007
1.935839900000E+007
4.202426500000E+007
6.647970600000E+007
8.050164800000E+007
8.197982000000E+007
8.731946400000E+007
9.189808100000E+007
9.842031800000E+007
1.048349600000E+007
1.583762000000E+007
2.584770100000E+007
4.440235700000E+007
6.379260600000E+007
7.548907000000E+007
8.027121800000E+007
9.049322600000E+007
9.420300100000E+007
9.634636200000E+007
1.935839900000E+007
2.307976900000E+007
2.584770100000E+007
4.733515800000E+007
6.124958300000E+007
7.123001500000E+007
8.021752500000E+007
9.111430400000E+007
9.139009900000E+007
9.303472700000E+007
4.167952700000E+007
4.202426500000E+007
4.440235700000E+007
4.733515800000E+007
5.628264900000E+007
5.876239700000E+007
7.142503000000E+007
7.445006400000E+007
7.514621700000E+007
7.619144700000E+007
4.587823400000E+007
5.013179900000E+007
5.222875900000E+007
5.520656300000E+007
5.591331000000E+007
5.598641900000E+007
5.628264900000E+007
5.876103800000E+007
5.902749600000E+007
5.999411500000E+007
3.438100700000E+007
3.908186300000E+007
4.043956200000E+007
4.056631100000E+007
4.092764700000E+007
4.551989300000E+007
4.587823400000E+007
4.718083000000E+007
4.734369400000E+007
4.759529500000E+007
7.383512000000E+006
1.583762000000E+007
2.307976900000E+007
4.167952700000E+007
6.185110600000E+007
6.886227600000E+007
7.412307400000E+007
7.603017600000E+007
8.053109700000E+007
8.664052200000E+007
7.603418200000E+007
8.050164800000E+007
8.527905100000E+007
8.731946400000E+007
8.816766300000E+007
9.078891100000E+007
9.464231600000E+007
9.842031800000E+007
9.899899800000E+007
9.940769500000E+007
6.762532700000E+007
8.050164800000E+007
8.369276100000E+007
8.386036000000E+007
8.731946400000E+007
8.844877000000E+007
9.082857000000E+007
9.674994300000E+007
9.842031800000E+007
9.967835800000E+007
8.050164800000E+007
8.731946400000E+007
9.171470300000E+007
9.243336900000E+007
9.842031800000E+007
9.967835800000E+007
9.981426300000E+007
1.005212050000E+008
1.008106630000E+008
1.014545670000E+008
7.700961000000E+006
8.796605000000E+006
1.494291800000E+007
3.256586800000E+007
5.245267500000E+007
6.417351300000E+007
6.462106600000E+007
6.462106600000E+007
6.783169100000E+007
6.863995800000E+007
7.700961000000E+006
1.444919000000E+007
1.999828700000E+007
3.416244700000E+007
5.008781600000E+007
6.000290400000E+007
6.631897700000E+007
6.658880500000E+007
6.991058900000E+007
7.262691000000E+007
1.494291800000E+007
1.971775900000E+007
1.999828700000E+007
3.632079000000E+007
4.861393700000E+007
5.579497900000E+007
6.726738600000E+007
6.777023800000E+007
7.132500800000E+007
7.243583600000E+007
3.256586800000E+007
3.269558100000E+007
3.416244700000E+007
3.632079000000E+007
4.371394100000E+007
4.663968500000E+007
6.014518900000E+007
6.100027800000E+007
6.212235200000E+007
6.385323800000E+007
3.594298800000E+007
4.019603600000E+007
4.371394100000E+007
4.508196500000E+007
4.653396000000E+007
4.658753200000E+007
4.726026400000E+007
4.759529500000E+007
4.861393700000E+007
4.909279100000E+007
2.846202200000E+007
3.378139300000E+007
3.466901000000E+007
3.534831000000E+007
3.594298800000E+007
3.908186300000E+007
3.951348200000E+007
4.170118900000E+007
4.178801900000E+007
4.401001900000E+007
8.796605000000E+006
1.444919000000E+007
1.971775900000E+007
3.269558100000E+007
4.726026400000E+007
5.251600300000E+007
5.252902700000E+007
5.501320100000E+007
5.528612000000E+007
5.643206800000E+007
5.251600300000E+007
6.462106600000E+007
6.462106600000E+007
6.658880500000E+007
6.777023800000E+007
6.863995800000E+007
6.951471800000E+007
7.173840600000E+007
7.267885800000E+007
7.604045500000E+007
5.501320100000E+007
6.462106600000E+007
6.462106600000E+007
6.863995800000E+007
6.886227600000E+007
6.991058900000E+007
7.132500800000E+007
7.267885800000E+007
7.366287200000E+007
7.716930300000E+007
5.252902700000E+007
6.194324200000E+007
6.462106600000E+007
6.462106600000E+007
6.631897700000E+007
6.726738600000E+007
6.863995800000E+007
7.142884600000E+007
7.267885800000E+007
7.368968500000E+007
6.658960000000E+006
1.254396400000E+007
2.422777200000E+007
5.230257000000E+007
6.344779000000E+007
7.654119100000E+007
7.987064300000E+007
8.140100600000E+007
8.285420900000E+007
8.595733100000E+007
1.254396400000E+007
1.738295400000E+007
3.230553200000E+007
5.475126400000E+007
6.357753400000E+007
7.678851900000E+007
7.988609700000E+007
8.027386400000E+007
8.396613300000E+007
8.440753300000E+007
2.422777200000E+007
2.759975400000E+007
3.230553200000E+007
5.733026000000E+007
6.354293400000E+007
7.598752500000E+007
7.653911100000E+007
7.921530600000E+007
8.242723100000E+007
8.469309500000E+007
5.230257000000E+007
5.286595600000E+007
5.475126400000E+007
5.733026000000E+007
6.451492600000E+007
6.950769700000E+007
7.315630100000E+007
7.756439300000E+007
7.771342500000E+007
7.775261600000E+007
5.556620700000E+007
5.602737200000E+007
5.883445700000E+007
5.894604500000E+007
6.067773200000E+007
6.378943500000E+007
6.413830400000E+007
6.440471200000E+007
6.574781900000E+007
6.693013900000E+007
4.086516500000E+007
4.178801900000E+007
4.580663100000E+007
4.669591400000E+007
4.734369400000E+007
4.737394500000E+007
4.909279100000E+007
5.177446400000E+007
5.189195900000E+007
5.443069200000E+007
6.658960000000E+006
1.738295400000E+007
2.759975400000E+007
5.286595600000E+007
5.528612000000E+007
6.783169100000E+007
7.141513900000E+007
7.262691000000E+007
7.708683300000E+007
7.716501700000E+007
7.654119100000E+007
7.987064300000E+007
8.164822000000E+007
8.595733100000E+007
8.642435200000E+007
8.642752500000E+007
8.873187500000E+007
8.922745900000E+007
9.351022100000E+007
9.469119000000E+007
6.815888300000E+007
7.312885600000E+007
7.654119100000E+007
7.987064300000E+007
8.409235800000E+007
8.595733100000E+007
8.642752500000E+007
9.017185600000E+007
9.067091200000E+007
9.351022100000E+007
7.270735000000E+007
7.654119100000E+007
7.987064300000E+007
8.139288700000E+007
8.595733100000E+007
8.642752500000E+007
8.643463800000E+007
9.040994200000E+007
9.306933300000E+007
9.351022100000E+007
6.860307000000E+006
6.893709000000E+006
1.386171400000E+007
2.971087400000E+007
4.857095900000E+007
5.887245000000E+007
6.995330800000E+007
7.717793000000E+007
7.843286600000E+007
7.902324800000E+007
6.893709000000E+006
1.207003400000E+007
1.811588900000E+007
3.117460100000E+007
4.665581000000E+007
5.507850100000E+007
6.693508500000E+007
7.103127300000E+007
7.296401700000E+007
7.449513300000E+007
1.386171400000E+007
1.726189500000E+007
1.811588900000E+007
3.271676600000E+007
4.480835300000E+007
5.104388000000E+007
6.339869200000E+007
6.506415200000E+007
6.750478600000E+007
6.959880000000E+007
2.927936700000E+007
2.971087400000E+007
3.117460100000E+007
3.271676600000E+007
4.018026500000E+007
4.244210400000E+007
5.113677600000E+007
5.455418200000E+007
5.632398000000E+007
5.634204300000E+007
3.189818100000E+007
3.421834900000E+007
3.844909100000E+007
3.948444200000E+007
4.018026500000E+007
4.334105000000E+007
4.435516700000E+007
4.480835300000E+007
4.580254700000E+007
4.650493100000E+007
2.508976200000E+007
3.053752000000E+007
3.091056300000E+007
3.189818100000E+007
3.466901000000E+007
3.596639000000E+007
3.925352200000E+007
4.005448900000E+007
4.056631100000E+007
4.168081100000E+007
6.860307000000E+006
1.207003400000E+007
1.726189500000E+007
2.927936700000E+007
4.334105000000E+007
5.096937500000E+007
5.800709300000E+007
6.522818700000E+007
6.647551300000E+007
6.722700500000E+007
8.011474100000E+007
8.157301000000E+007
8.168365200000E+007
8.446253100000E+007
8.552044200000E+007
8.585933200000E+007
8.654913600000E+007
8.858281700000E+007
8.900933000000E+007
9.013715200000E+007
7.381279000000E+007
7.810808800000E+007
7.960087600000E+007
8.157301000000E+007
8.219410400000E+007
8.361759500000E+007
8.420228200000E+007
8.479880600000E+007
8.585933200000E+007
8.678528800000E+007
8.157301000000E+007
8.200243100000E+007
8.278565200000E+007
8.545170300000E+007
8.585933200000E+007
8.595161600000E+007
8.830955600000E+007
8.966196800000E+007
9.125593000000E+007
9.236095600000E+007
6.844781000000E+006
8.166250000000E+006
1.336474100000E+007
2.828890900000E+007
3.193966800000E+007
4.656253900000E+007
5.380714000000E+007
5.729285500000E+007
5.975247800000E+007
5.975247800000E+007
6.844781000000E+006
1.343341300000E+007
1.775079000000E+007
2.960343000000E+007
3.563484700000E+007
4.438637000000E+007
5.208807100000E+007
5.363707600000E+007
5.938367300000E+007
5.954262700000E+007
1.336474100000E+007
1.775079000000E+007
1.808445500000E+007
3.122110800000E+007
3.951802700000E+007
4.298874600000E+007
4.960614800000E+007
5.012213700000E+007
5.767568700000E+007
5.802204700000E+007
2.828890900000E+007
2.959639300000E+007
2.960343000000E+007
3.122110800000E+007
3.869615600000E+007
4.131018600000E+007
4.644927100000E+007
4.809788500000E+007
4.817281300000E+007
4.962508500000E+007
3.084562600000E+007
3.268048500000E+007
3.604577100000E+007
3.869615600000E+007
4.005448900000E+007
4.136059500000E+007
4.229209700000E+007
4.274818500000E+007
4.298874600000E+007
4.401001900000E+007
2.408785300000E+007
2.824693500000E+007
3.084562600000E+007
3.091056300000E+007
3.378139300000E+007
3.486992300000E+007
3.635501900000E+007
3.857364100000E+007
3.948444200000E+007
4.043956200000E+007
8.166250000000E+006
1.343341300000E+007
1.808445500000E+007
2.382560400000E+007
2.959639300000E+007
4.274818500000E+007
4.333698400000E+007
4.902242600000E+007
4.905950400000E+007
5.006642600000E+007
3.193966800000E+007
4.902242600000E+007
4.927368200000E+007
5.975247800000E+007
5.975247800000E+007
6.033874400000E+007
6.080268000000E+007
6.139686300000E+007
6.158151800000E+007
6.193080000000E+007
2.382560400000E+007
3.193966800000E+007
3.563484700000E+007
3.951802700000E+007
4.817281300000E+007
5.097161400000E+007
5.814811900000E+007
5.975247800000E+007
5.975247800000E+007
6.033874400000E+007
3.193966800000E+007
4.892565400000E+007
4.905950400000E+007
5.975247800000E+007
5.975247800000E+007
6.033874400000E+007
6.080268000000E+007
6.135150600000E+007
6.143703100000E+007
6.193080000000E+007
8.909810000000E+006
1.282061500000E+007
2.438038300000E+007
5.153572400000E+007
6.819025400000E+007
7.267885800000E+007
7.497853100000E+007
7.987064300000E+007
8.118000200000E+007
8.382227000000E+007
1.282061500000E+007
1.951479300000E+007
3.250070600000E+007
5.540922500000E+007
7.368968500000E+007
7.432707200000E+007
7.497380100000E+007
8.076808800000E+007
8.183515500000E+007
8.409235800000E+007
2.438038300000E+007
2.913808700000E+007
3.250070600000E+007
5.675475700000E+007
7.295825000000E+007
7.403841700000E+007
7.732918400000E+007
7.856953100000E+007
8.105014900000E+007
8.608864300000E+007
5.153572400000E+007
5.210805200000E+007
5.540922500000E+007
5.675475700000E+007
6.989571700000E+007
7.186406500000E+007
7.480778800000E+007
7.537533200000E+007
8.146620200000E+007
8.167637700000E+007
5.541779100000E+007
5.647205400000E+007
5.966540000000E+007
6.129270200000E+007
6.156962300000E+007
6.439541300000E+007
6.448269800000E+007
6.496738700000E+007
6.692439400000E+007
6.917536500000E+007
4.093207900000E+007
4.170118900000E+007
4.599842000000E+007
4.651076700000E+007
4.718083000000E+007
4.758580900000E+007
4.931808900000E+007
5.049150500000E+007
5.177446400000E+007
5.555357400000E+007
8.909810000000E+006
1.951479300000E+007
2.913808700000E+007
5.210805200000E+007
5.721525400000E+007
6.194324200000E+007
6.319047300000E+007
6.815888300000E+007
6.951471800000E+007
7.226689200000E+007
6.083977700000E+007
6.819025400000E+007
7.228338400000E+007
7.267885800000E+007
7.844293500000E+007
7.987064300000E+007
8.118000200000E+007
8.273656200000E+007
8.382227000000E+007
8.382227000000E+007
5.721525400000E+007
6.819025400000E+007
7.141513900000E+007
7.267885800000E+007
7.497380100000E+007
7.856953100000E+007
7.860414500000E+007
7.987064300000E+007
8.118000200000E+007
8.382227000000E+007
6.819025400000E+007
6.842860700000E+007
7.226689200000E+007
7.267885800000E+007
7.603017600000E+007
7.987064300000E+007
8.118000200000E+007
8.382227000000E+007
8.382227000000E+007
8.628755700000E+007
