3.132696522979E+004
3.295868207726E+004
3.414494455362E+004
3.442453703847E+004
3.454013899516E+004
3.472040135407E+004
3.478899815025E+004
8.580206148228E+001
9.188042059120E+001
1.082506911809E+002
1.189702307191E+002
1.261921848377E+002
1.308679763065E+002
1.333715640108E+002
2.087856272772E+001
2.731250930343E+001
3.835607090238E+001
4.740054533043E+001
6.205932831040E+001
6.337960185800E+001
7.041577617624E+001
8.939633504345E+001
9.574433293482E+001
9.934702731030E+001
1.067929084771E+002
1.115150554186E+002
1.182802719571E+002
1.230188820616E+002
2.384000951396E+002
2.675713942759E+002
3.093471781540E+002
3.607782180793E+002
4.000974372121E+002
4.001448502022E+002
4.134857786155E+002
1.597684951883E+002
1.770812623472E+002
1.920119302674E+002
2.044920868386E+002
2.047743135136E+002
2.109115274581E+002
2.179643970183E+002
5.954353276737E+001
1.431282820894E+002
1.537193038752E+002
1.778346098687E+002
2.007191444305E+002
2.102477941488E+002
2.325950682094E+002
9.226236498521E+001
1.150525354032E+002
1.204679184709E+002
1.264900633265E+002
1.329610900771E+002
1.410183464901E+002
1.428402806895E+002
9.701503081629E+001
1.102974478890E+002
1.219067393355E+002
1.226592096165E+002
1.533699984611E+002
1.663592558681E+002
1.786019574472E+002
5.954353276737E+001
1.159178997324E+002
1.557975332667E+002
1.752828260024E+002
1.986899959277E+002
2.008104814266E+002
2.099270552073E+002
7.204028587115E+001
8.633964175484E+001
8.714079361529E+001
8.781482898046E+001
8.939855126466E+001
9.393411845659E+001
9.489194052295E+001
5.329481110272E+001
8.615612573804E+001
1.051949969461E+002
1.124662566526E+002
1.150525354032E+002
1.162764146459E+002
1.312062369976E+002
9.219071829943E+001
1.042006703022E+002
1.161228550601E+002
1.176613737361E+002
1.251620345883E+002
1.335669449796E+002
1.356139668419E+002
9.480339692600E+001
1.395235337632E+002
1.471792306966E+002
1.551126559248E+002
1.571980285060E+002
1.577697523183E+002
1.581919037247E+002
1.499852696639E+002
1.646954387206E+002
1.679625536513E+002
2.045612449481E+002
2.257947436182E+002
2.348545983700E+002
2.663002936512E+002
8.230322464737E+001
9.594010667158E+001
1.370892384027E+002
1.453139864650E+002
1.477684301641E+002
1.516806514585E+002
1.554291857836E+002
1.159178997324E+002
1.226047779357E+002
1.301325897903E+002
1.325214389717E+002
1.409002381900E+002
1.721533567018E+002
1.832068611247E+002
9.948339231414E+001
1.125277510968E+002
1.149724626394E+002
1.324005101243E+002
1.399911366774E+002
1.494340944185E+002
1.501332567499E+002
1.075885156550E+002
1.198603807817E+002
1.226592096165E+002
1.357963632951E+002
1.463356238092E+002
1.504121994470E+002
1.570745391685E+002
9.127945058380E+001
1.130000333366E+002
1.141419065106E+002
1.241204935110E+002
1.253097914250E+002
1.318607116815E+002
1.401579933901E+002
1.891378359874E+002
2.043597073386E+002
2.137886451529E+002
2.207580145546E+002
2.317985936771E+002
2.466824829953E+002
2.600918470271E+002
5.198656962148E+001
6.991259987606E+001
8.673579975119E+001
8.976429553793E+001
9.946966202792E+001
1.043365091083E+002
1.048279090775E+002
7.492974676316E+001
1.012937049649E+002
1.141980450214E+002
1.170715986102E+002
1.278725735692E+002
1.397371329926E+002
1.474118720398E+002
7.707708955493E+001
8.132008384712E+001
1.276533753040E+002
1.345248121211E+002
1.370892384027E+002
1.465581632103E+002
1.474330855296E+002
8.818648099998E+001
1.106238584933E+002
1.116438066319E+002
1.180392537485E+002
1.321137288059E+002
1.433702431151E+002
1.439156652201E+002
2.151117326965E+001
3.992739178487E+001
4.570606930118E+001
4.841082967966E+001
5.115723162396E+001
5.535007504347E+001
5.689929810664E+001
5.329481110272E+001
6.417006828845E+001
9.151963880362E+001
1.031296887317E+002
1.104250819831E+002
1.368913856009E+002
1.388155845724E+002
1.628091917631E+002
1.709979554920E+002
2.111199610478E+002
2.166671949059E+002
2.382222895280E+002
2.549872856557E+002
2.654524400217E+002
1.431282820894E+002
1.557975332667E+002
1.924296999580E+002
2.167504231007E+002
2.481387160564E+002
2.484077820636E+002
2.537125580304E+002
9.151963880362E+001
1.124662566526E+002
1.158635953751E+002
1.409002381900E+002
1.428002009651E+002
1.454490882290E+002
1.524730875492E+002
8.323834293628E+001
1.008134664007E+002
1.021107952899E+002
1.031296887317E+002
1.125192759755E+002
1.334911844774E+002
1.355147880287E+002
1.204427757760E+002
1.252629182034E+002
1.279159698313E+002
1.645730605504E+002
1.659882871182E+002
1.721533567018E+002
1.756698354470E+002
7.544520209436E+001
1.309156411394E+002
1.371676299706E+002
1.634104146565E+002
1.854452937163E+002
1.873101398041E+002
2.000385385699E+002
1.211413572693E+002
1.241008904756E+002
1.281811155689E+002
1.377135963489E+002
1.433467077638E+002
1.459437648279E+002
1.465718138248E+002
5.495397964669E+001
6.080065366530E+001
6.545779847858E+001
9.361519782933E+001
9.650217276518E+001
1.013160521220E+002
1.082841982319E+002
4.841082967966E+001
5.081847946751E+001
6.079640564953E+001
6.186153753227E+001
6.254264536014E+001
6.262251248878E+001
6.674393142966E+001
7.488025031617E+001
8.778631685195E+001
8.883725432637E+001
8.935955318926E+001
1.071687103808E+002
1.215268471805E+002
1.219556382052E+002
8.939633504345E+001
9.572658101772E+001
1.091037835940E+002
1.176613737361E+002
1.188101308998E+002
1.227991463747E+002
1.324005101243E+002
5.676055832987E+001
6.428446173898E+001
6.961019577075E+001
8.091580845102E+001
9.283393475351E+001
1.006788638904E+002
1.092756517726E+002
1.334911844774E+002
1.679625536513E+002
1.680968250666E+002
1.802783583005E+002
1.901090185969E+002
1.970333252438E+002
2.093445955089E+002
1.918274011230E+002
2.092109913100E+002
2.264034022333E+002
2.599981476755E+002
2.924102376617E+002
3.003588667297E+002
3.010231673640E+002
1.236087952811E+002
1.442876518867E+002
1.459437648279E+002
1.595349241779E+002
1.768644004878E+002
1.962848667399E+002
2.115567728778E+002
1.002904786208E+002
1.016895110832E+002
1.130929070334E+002
1.131859625379E+002
1.417298802356E+002
1.442807211510E+002
1.461347261078E+002
6.005420537900E+001
1.021107952899E+002
1.370299135944E+002
1.492727691939E+002
1.516371819256E+002
1.518677982909E+002
1.577367654859E+002
9.574433293482E+001
1.042006703022E+002
1.230273254882E+002
1.398068736247E+002
1.403434103737E+002
1.463745711647E+002
1.469633878251E+002
1.670284783531E+002
1.749555851130E+002
1.760637177439E+002
1.812788757073E+002
1.827547871830E+002
2.128458654640E+002
2.205387626456E+002
1.215084668334E+002
1.325604167195E+002
1.325776864067E+002
1.552457760685E+002
1.617023490744E+002
1.705663764757E+002
1.781877704897E+002
4.192921352060E+001
4.769356545523E+001
5.532663122111E+001
8.279743110888E+001
9.233546770753E+001
9.519997046469E+001
9.812083370551E+001
4.535408579238E+001
6.079640564953E+001
6.186282467779E+001
6.647009879340E+001
8.065916489685E+001
8.634176426876E+001
9.222345244298E+001
6.991259987606E+001
7.397178453169E+001
9.594067925992E+001
1.028365924139E+002
1.138212261625E+002
1.287533688611E+002
1.302955708097E+002
9.406520328202E+001
1.217680324345E+002
1.401772015401E+002
1.452345321659E+002
1.481590865462E+002
1.486235560426E+002
1.495107844444E+002
4.087852373091E+001
5.879757803735E+001
1.032604227147E+002
1.141529748346E+002
1.703499088590E+002
1.770814102262E+002
1.806516126250E+002
1.475208404690E+002
1.678679510957E+002
1.753534774545E+002
1.765048017009E+002
1.808510043005E+002
1.812551428733E+002
1.898537266085E+002
5.776576994983E+001
6.417006828845E+001
8.323834293628E+001
9.489194052295E+001
1.025169717312E+002
1.049102183290E+002
1.051949969461E+002
1.755106138014E+002
1.869548950567E+002
1.957213544308E+002
2.311889039923E+002
2.900595133829E+002
2.914596186927E+002
3.078334761882E+002
3.563981156439E+002
3.824089090968E+002
4.475582599817E+002
4.644709342471E+002
4.798278047764E+002
4.939393190468E+002
4.956021546225E+002
6.523966636774E+001
7.355592590318E+001
9.185000972882E+001
1.051200521430E+002
1.144016230358E+002
1.217680324345E+002
1.232638578205E+002
1.121847029778E+002
1.287860378682E+002
1.344296586883E+002
1.468346579034E+002
2.018007442067E+002
2.059115786208E+002
2.088324122289E+002
5.158295798090E+001
5.198656962148E+001
5.338136500386E+001
8.238142907070E+001
8.726972282368E+001
8.757237480876E+001
8.877577983464E+001
4.188008293862E+001
5.384352730002E+001
5.926291749389E+001
5.989759349086E+001
6.787346900616E+001
6.793447746787E+001
7.101075698047E+001
1.373464358280E+002
1.410374178899E+002
1.556479547134E+002
1.566589557530E+002
1.578309379756E+002
1.582953437527E+002
1.682737843836E+002
7.256737146421E+001
8.268864513999E+001
1.016895110832E+002
1.109347987792E+002
1.143563154629E+002
1.318902447183E+002
1.369426661880E+002
1.399699455570E+002
1.416889247329E+002
1.928659852776E+002
2.093978541143E+002
2.147642850955E+002
2.165244847312E+002
2.359737012170E+002
5.582401508980E+001
8.032474829988E+001
8.505307502296E+001
8.673579975119E+001
8.757237480876E+001
9.072195841821E+001
9.628710574318E+001
8.795433494732E+001
1.043444788274E+002
1.080410714628E+002
1.273188872334E+002
1.426659279913E+002
1.646150504547E+002
1.680585160403E+002
1.255106048254E+002
1.558978586602E+002
1.594913960494E+002
1.609159526993E+002
1.661947458160E+002
1.816795384601E+002
1.873302841323E+002
8.167040926079E+001
9.513760096863E+001
1.080410714628E+002
1.135350693132E+002
1.233185533260E+002
1.345217066447E+002
1.572764791782E+002
7.790837774087E+001
1.361763029005E+002
1.375348961098E+002
1.523756142678E+002
1.528762250126E+002
1.639782521193E+002
1.674375990410E+002
9.441485741491E+001
1.765718684439E+002
1.839119910992E+002
1.866346802744E+002
1.977913957195E+002
1.978477792914E+002
2.011074067871E+002
4.597751915897E+001
4.784512429389E+001
5.281892720835E+001
5.312430233614E+001
6.934657771433E+001
7.377400723120E+001
8.082473568307E+001
5.281892720835E+001
6.075561588268E+001
1.293983542953E+002
1.349496615681E+002
1.397821622435E+002
1.426659279913E+002
1.442157228000E+002
1.119366595835E+002
1.234462197384E+002
1.250634537233E+002
1.280377456396E+002
1.292741562657E+002
1.519323031301E+002
1.566266142921E+002
1.136945523146E+002
2.168751000931E+002
2.320974023204E+002
2.482959087753E+002
2.726262074487E+002
2.737860329469E+002
2.744014533169E+002
8.477587412710E+001
1.154703549185E+002
1.803785669195E+002
2.046497243734E+002
2.359292309345E+002
2.432267086189E+002
2.437541546672E+002
1.477684301641E+002
1.562867192430E+002
1.629926814085E+002
1.864772593837E+002
1.978477792914E+002
2.131339866158E+002
2.161604583432E+002
9.036618972192E+001
1.154703549185E+002
1.269954996183E+002
1.366822704121E+002
1.396036114267E+002
1.446054031954E+002
1.455737553490E+002
1.181218155448E+002
1.332587014936E+002
1.357889518711E+002
1.480683485193E+002
1.496276566282E+002
1.587204757752E+002
1.850699149662E+002
6.677260169856E+001
8.997688089540E+001
9.103934386633E+001
9.407669722332E+001
9.427755891745E+001
1.123502587156E+002
1.195920032064E+002
1.500883846950E+002
1.695818940980E+002
1.759910473503E+002
1.796572379383E+002
1.929081867672E+002
1.950612571077E+002
1.962248378846E+002
9.676576582750E+001
1.126613134404E+002
1.623544489213E+002
1.749989497486E+002
1.759291097644E+002
2.044862054329E+002
2.093654677253E+002
8.997688089540E+001
9.218099413958E+001
1.129479321929E+002
1.228446448883E+002
1.236746973814E+002
1.354448245315E+002
1.362115289488E+002
1.043444788274E+002
1.318477368427E+002
1.574740579038E+002
1.822159960267E+002
1.918273049786E+002
2.480662480700E+002
2.602589035558E+002
2.240496214804E+002
2.258540432274E+002
2.325565126478E+002
2.379406424409E+002
2.431527334022E+002
2.598499222546E+002
2.636812545965E+002
6.336594327279E+001
8.267098941111E+001
8.583554014853E+001
8.889739236097E+001
8.975725186995E+001
9.052812979587E+001
1.009111766171E+002
8.477587412710E+001
1.056046072265E+002
1.113042606457E+002
1.629521086678E+002
1.663662301017E+002
1.737922479155E+002
1.763426545779E+002
9.807748109030E+001
9.935417280651E+001
1.060426566004E+002
1.187693363476E+002
1.192468220674E+002
1.313258248260E+002
1.361763029005E+002
2.112532211605E+002
2.202610520419E+002
2.215244346932E+002
2.481213340668E+002
2.555641866092E+002
2.642011383345E+002
2.855629840525E+002
1.098985150666E+002
1.357889518711E+002
1.507723065232E+002
1.580128798271E+002
1.587121516234E+002
1.764763651886E+002
1.765718684439E+002
1.230273254882E+002
1.255106048254E+002
1.270653674334E+002
1.723967796266E+002
1.725737909384E+002
1.856675731821E+002
1.870375353340E+002
6.172098735365E+001
1.058991826772E+002
1.181218155448E+002
1.186561831759E+002
1.207635655057E+002
1.276023886751E+002
1.313258248260E+002
2.108062149875E+002
2.120041021279E+002
2.503254608795E+002
2.581388102775E+002
2.643288839390E+002
2.728373793757E+002
2.767354977371E+002
7.577731385195E+001
9.036618972192E+001
9.656722332289E+001
1.187693363476E+002
1.364159818336E+002
1.453376434394E+002
1.497935708264E+002
1.369545414910E+002
1.466905332582E+002
2.008253073410E+002
2.225122807476E+002
2.240496214804E+002
2.420434214359E+002
2.543530318740E+002
9.758639540788E+001
1.056046072265E+002
1.313933352602E+002
1.663808737891E+002
2.046497243734E+002
2.070944729627E+002
2.125500044331E+002
8.092426590161E+001
8.330739486110E+001
8.709104323511E+001
8.970032689364E+001
9.399345124639E+001
9.483146964790E+001
9.620746157086E+001
9.656659194484E+001
1.057708913272E+002
1.146333526338E+002
1.183894124472E+002
1.363794934860E+002
1.525626585015E+002
1.620141405107E+002
7.790837774087E+001
1.188552026852E+002
1.192468220674E+002
1.318584495619E+002
1.353682411894E+002
1.743522385037E+002
1.766092934596E+002
8.157126327365E+001
9.743951923308E+001
1.308878856627E+002
1.325214389717E+002
1.518677982909E+002
1.597536902562E+002
1.736487531832E+002
4.784512429389E+001
9.777052655725E+001
1.023921511152E+002
1.029933811178E+002
1.094874827960E+002
1.199868061089E+002
1.317975592516E+002
6.677260169856E+001
6.990269940416E+001
7.287554237502E+001
7.994899307735E+001
8.230322464737E+001
8.734105291777E+001
9.349668210252E+001
1.629926814085E+002
1.737749951850E+002
1.910535913617E+002
2.023098530553E+002
2.207580145546E+002
2.328112134825E+002
2.368782419911E+002
9.103934386633E+001
9.399345124639E+001
9.460113525427E+001
9.828947802140E+001
1.136242323232E+002
1.209070740991E+002
1.236746973814E+002
6.724817926777E+001
1.242010417771E+002
1.521230156960E+002
1.561102890687E+002
1.596294211765E+002
1.651623078933E+002
1.749989497486E+002
1.091037835940E+002
1.160826450886E+002
1.161228550601E+002
1.330817060095E+002
1.342799428124E+002
1.406119141858E+002
1.468092383848E+002
2.494016153935E+001
9.669694877519E+001
1.186561831759E+002
1.223508568177E+002
1.313446394573E+002
1.330165346179E+002
1.355728663396E+002
9.758639540788E+001
1.343625261231E+002
1.639636631519E+002
2.304453351746E+002
2.406920411601E+002
2.596144180318E+002
2.721059594164E+002
9.676576582750E+001
9.821223636140E+001
1.357715073876E+002
1.398803279002E+002
1.632692403877E+002
1.725737909384E+002
1.753878919012E+002
2.838559504804E+001
8.795433494732E+001
9.811886328707E+001
1.137123427512E+002
1.203679440062E+002
1.236856600635E+002
1.297541228580E+002
6.755932584661E+001
6.934657771433E+001
9.017594435516E+001
9.353824358206E+001
9.483146964790E+001
9.656659194484E+001
9.964859736146E+001
7.666217025210E+001
9.620746157086E+001
1.088294789804E+002
1.150400525536E+002
1.170720509008E+002
1.171693771008E+002
1.191131886402E+002
8.975725186995E+001
1.234763138736E+002
1.245032794273E+002
1.370848081882E+002
1.498119476397E+002
1.696200106780E+002
1.847858795678E+002
8.696810053599E+001
9.127945058380E+001
9.480339692600E+001
1.107478000352E+002
1.166322673095E+002
1.171382529471E+002
1.190635746873E+002
5.312430233614E+001
6.075561588268E+001
1.191659489970E+002
1.250175436545E+002
1.317975592516E+002
1.528988866323E+002
1.647925116203E+002
4.597751915897E+001
6.755932584661E+001
9.249221920109E+001
9.777052655725E+001
1.183894124472E+002
1.191659489970E+002
1.236178612786E+002
1.091095714020E+002
1.136945523146E+002
1.143918018173E+002
1.177304152909E+002
1.415885412373E+002
1.695818940980E+002
1.736487531832E+002
5.384352730002E+001
6.206603234366E+001
6.716007755462E+001
6.733682857246E+001
8.167040926079E+001
8.761788532199E+001
8.826704905668E+001
7.207779426724E+001
7.542925322045E+001
7.903142959700E+001
8.585147934030E+001
9.017594435516E+001
9.447062794364E+001
9.513760096863E+001
2.494016153935E+001
6.172098735365E+001
1.023077044780E+002
1.072602733182E+002
1.159064381684E+002
1.210802535282E+002
1.271275836203E+002
1.113042606457E+002
1.270653674334E+002
1.632692403877E+002
1.639636631519E+002
1.663808737891E+002
1.845064253920E+002
1.931671731867E+002
9.471128489718E+001
1.007518017042E+002
1.097893880547E+002
1.118703236180E+002
1.246392394142E+002
1.256275378127E+002
1.294554283563E+002
1.108866042484E+002
1.385960096271E+002
1.450107353374E+002
1.634838706394E+002
1.807088905287E+002
1.830184697222E+002
1.832810890569E+002
8.855968899303E+001
1.098203195370E+002
1.236831349498E+002
1.273471908893E+002
1.329667714626E+002
1.352437794434E+002
1.403898824736E+002
7.577731385195E+001
9.883245524194E+001
1.060426566004E+002
1.394357180622E+002
1.497708220459E+002
1.543464377974E+002
1.603440690344E+002
9.664065124389E+001
1.006989400016E+002
1.191143336187E+002
1.202548235079E+002
1.594913960494E+002
1.621467578383E+002
1.662053749754E+002
3.906552195707E+001
6.309954363851E+001
8.381684086908E+001
8.746444891824E+001
9.088582494141E+001
9.106085176584E+001
1.071687103808E+002
5.909502492197E+001
6.468998713293E+001
6.724817926777E+001
9.331627183650E+001
1.066413917419E+002
1.216272030631E+002
1.352437794434E+002
8.983713999883E+001
8.984781575178E+001
9.230074766515E+001
9.460113525427E+001
9.486828694621E+001
1.184609218416E+002
1.196941805657E+002
1.313933352602E+002
1.343625261231E+002
1.990642508721E+002
2.082076786309E+002
2.124351485482E+002
2.194200399772E+002
2.223911660874E+002
6.656784522057E+001
7.793458143863E+001
8.785228638240E+001
1.033092833705E+002
1.177304152909E+002
1.228850513428E+002
1.298183157922E+002
8.396734041305E+001
8.877577983464E+001
9.223314971580E+001
9.879792770537E+001
9.947761458470E+001
9.991852601808E+001
9.995341032803E+001
5.506280247454E+001
5.628578528829E+001
5.681228917871E+001
5.682599537154E+001
5.997233852412E+001
6.177115956712E+001
6.304579213422E+001
6.138140882349E+001
7.106426759646E+001
7.638211151258E+001
8.692671952061E+001
9.780087227978E+001
1.018015380443E+002
1.094874827960E+002
2.838559504804E+001
7.542925322045E+001
9.207354989203E+001
9.486828694621E+001
1.013032094360E+002
1.209847963347E+002
1.250958549658E+002
9.427755891745E+001
9.441485741491E+001
9.656722332289E+001
1.058991826772E+002
1.062010577012E+002
1.091856052275E+002
1.145772764353E+002
5.590264663337E+001
8.330739486110E+001
9.353824358206E+001
9.807748109030E+001
1.088294789804E+002
1.191143336187E+002
1.207635655057E+002
7.364547281272E+001
1.020583243297E+002
1.043811521916E+002
1.117296675297E+002
1.145320775639E+002
1.147354835940E+002
1.230824471348E+002
7.674578441513E+001
1.009111766171E+002
1.174180909039E+002
1.350128732475E+002
1.382668588948E+002
1.440261965191E+002
1.498274588936E+002
8.179297531529E+001
9.866514242392E+001
1.057204952989E+002
1.059659308128E+002
1.090513830673E+002
1.104904653940E+002
1.184295868548E+002
9.574908494498E+001
9.650222607942E+001
1.018522602057E+002
1.043811521916E+002
1.196648577489E+002
1.322591528582E+002
1.452625919444E+002
1.238055303135E+001
2.204480288123E+001
7.791521978363E+001
8.082473568307E+001
8.092426590161E+001
9.407669722332E+001
9.447062794364E+001
1.092105345190E+002
1.115890107181E+002
1.170778132565E+002
1.234660918132E+002
1.255922591095E+002
1.292222229561E+002
1.346806195896E+002
7.025475212456E+001
9.727639297340E+001
1.168087215232E+002
1.353682411894E+002
1.418113759946E+002
1.424149961166E+002
1.477418304246E+002
3.781922951012E+001
6.416396565922E+001
6.712334508144E+001
7.156681894749E+001
7.207779426724E+001
8.028939070460E+001
8.229123263845E+001
5.939661258561E+001
8.539169250957E+001
9.664065124389E+001
9.671007614823E+001
1.018522602057E+002
1.146288557367E+002
1.215788130487E+002
1.284007183269E+002
1.299960185351E+002
1.312930511356E+002
1.393639947708E+002
1.526887819416E+002
1.580361569387E+002
1.615631304639E+002
6.953967380121E+001
9.821223636140E+001
9.880732115684E+001
1.066413917419E+002
1.113857348375E+002
1.126613134404E+002
1.342502153024E+002
7.004408588309E+001
8.935955318926E+001
1.011062039786E+002
1.015317146835E+002
1.299960185351E+002
1.363236808587E+002
1.377835824741E+002
4.797132701618E+001
5.909502492197E+001
6.404035223978E+001
8.479688346707E+001
8.642749410823E+001
1.016154359761E+002
1.107494843681E+002
7.130436447815E+001
7.316462389992E+001
8.778631685195E+001
9.331627183650E+001
9.677824822892E+001
9.887666326558E+001
1.016154359761E+002
8.356758590243E+001
8.822831191680E+001
1.141414173940E+002
1.311336101941E+002
1.360412694027E+002
1.368451242477E+002
1.369131756597E+002
8.850438015224E+001
1.018515008638E+002
1.345772799234E+002
1.428420858366E+002
1.574256435497E+002
1.578640165133E+002
1.582131074245E+002
1.318584495619E+002
1.444839183817E+002
1.554326357094E+002
1.624220805315E+002
1.731659410754E+002
1.779498403148E+002
1.812684155522E+002
1.238055303135E+001
2.246610646283E+001
8.414161202024E+001
8.746674064300E+001
8.785228638240E+001
8.970032689364E+001
8.980929863730E+001
9.307061898628E+001
1.147354835940E+002
1.379104911299E+002
1.502995368248E+002
1.514764367748E+002
1.519005628407E+002
1.534933769307E+002
4.502262808953E+001
7.945805618851E+001
9.650593849622E+001
9.813367532323E+001
1.119053836238E+002
1.155062263752E+002
1.171766537130E+002
8.379113708647E+001
8.923078131377E+001
1.032779593421E+002
1.127568715092E+002
1.146309055743E+002
1.246980035012E+002
1.294414551466E+002
5.590264663337E+001
6.749085797857E+001
8.396734041305E+001
8.709104323511E+001
9.795561149092E+001
1.035890626388E+002
1.092628384743E+002
9.749996229150E+001
1.468916698778E+002
1.811082671321E+002
1.958816497922E+002
2.361199989904E+002
2.364496158292E+002
2.376104365402E+002
4.769356545523E+001
6.166729862544E+001
6.953967380121E+001
8.883725432637E+001
9.368827664725E+001
9.540209066206E+001
1.102832690464E+002
9.219071829943E+001
9.266007762002E+001
9.687058018786E+001
1.049344934716E+002
1.097398894979E+002
1.129368829801E+002
1.160826450886E+002
9.230074766515E+001
1.057708913272E+002
1.322203256504E+002
1.378849870611E+002
1.484947436877E+002
1.515952772469E+002
1.602117347929E+002
2.167524328290E+002
2.394155804350E+002
2.599909274689E+002
2.629390763917E+002
2.774384914596E+002
2.774509753600E+002
2.783131934833E+002
1.016520162352E+002
1.350137454839E+002
1.465864008599E+002
1.542526657042E+002
1.576896119955E+002
1.612918003654E+002
1.650994839979E+002
6.158149297802E+001
6.351035424900E+001
7.156490209899E+001
7.331296761553E+001
8.279743110888E+001
9.160243808867E+001
9.567628181527E+001
7.377400723120E+001
8.781482898046E+001
9.571649967516E+001
9.647914314704E+001
9.789292657665E+001
1.025169717312E+002
1.096028268517E+002
1.170715986102E+002
1.297028082801E+002
1.595418172467E+002
1.761312875888E+002
1.780995928244E+002
1.906648075208E+002
1.934396141643E+002
3.420456198809E+001
3.752976332959E+001
3.788391552120E+001
6.773512610322E+001
7.073559132445E+001
7.617801053558E+001
7.638211151258E+001
6.799205724174E+001
8.723342911298E+001
8.774651471165E+001
9.617646816485E+001
9.713730565412E+001
9.940485659323E+001
1.013160521220E+002
7.160906076790E+001
7.364547281272E+001
7.576203585486E+001
9.444336041162E+001
9.748600494123E+001
1.160355265486E+002
1.210985981420E+002
6.533669123327E+001
6.778475124353E+001
7.662978025910E+001
8.379113708647E+001
8.957472226479E+001
9.695405691670E+001
1.097893880547E+002
3.253613237047E+001
4.971994932033E+001
5.126830951504E+001
5.195187770571E+001
5.945779297156E+001
7.999787784438E+001
8.165029035937E+001
5.939661258561E+001
8.839414827998E+001
1.192633750129E+002
1.202548235079E+002
1.322591528582E+002
1.466040413335E+002
1.577845749657E+002
1.078730282997E+002
1.234648785879E+002
1.399797632580E+002
1.460608826883E+002
1.550330176427E+002
1.684033620753E+002
1.782402580276E+002
1.472921644745E+002
1.480669204741E+002
1.496412362024E+002
1.544373160157E+002
1.570891755995E+002
1.579436313745E+002
1.703499088590E+002
3.166005611422E+001
3.626876687077E+001
5.478352335745E+001
5.506280247454E+001
6.091507124258E+001
6.694549710767E+001
9.695405691670E+001
3.582228873211E+001
4.531024653112E+001
5.945779297156E+001
8.292694348683E+001
9.304182310925E+001
9.307061898628E+001
9.444336041162E+001
8.581887433664E+001
9.636833182238E+001
1.055873298424E+002
1.148402674416E+002
1.324624582058E+002
1.333774846713E+002
1.369740397663E+002
3.304846372826E+001
7.085643126958E+001
7.978515317883E+001
8.736941673125E+001
8.937363685426E+001
9.475203682831E+001
9.617646816485E+001
3.420456198809E+001
5.993840862796E+001
6.134057360872E+001
7.630079256847E+001
7.860494737967E+001
7.865042957112E+001
8.308773615290E+001
8.736941673125E+001
9.661999800322E+001
9.749996229150E+001
9.998375399700E+001
1.149824985438E+002
1.294414551466E+002
1.307135425233E+002
9.222278303065E+001
1.141206582692E+002
1.166269240543E+002
1.167033631520E+002
1.296124451913E+002
1.312259714871E+002
1.470678413409E+002
2.151117326965E+001
4.910676698444E+001
5.442980144203E+001
5.571884586627E+001
5.904122200032E+001
6.045546353761E+001
6.254264536014E+001
3.752976332959E+001
3.879125521073E+001
5.993840862796E+001
6.735096817855E+001
6.793447746787E+001
6.827166054453E+001
6.994402010932E+001
1.037480513669E+002
1.043987586528E+002
1.067856402726E+002
1.108502260374E+002
1.216432150799E+002
1.369740397663E+002
1.413899742305E+002
2.952558160067E+001
4.570606930118E+001
5.053030174877E+001
5.425609044216E+001
5.571884586627E+001
5.766619863690E+001
6.428446173898E+001
4.623480831253E+001
6.045546353761E+001
6.138140882349E+001
7.207635105826E+001
8.459656405810E+001
8.507927750352E+001
9.240573889625E+001
7.313116353744E+001
8.714079361529E+001
8.847762582017E+001
9.151415384027E+001
9.647914314704E+001
9.920335403737E+001
1.023921511152E+002
1.605983392256E+002
1.927501190147E+002
2.306778788811E+002
2.828861757911E+002
2.903907544965E+002
2.923646134470E+002
2.973628293043E+002
7.097653099598E+001
8.867553551692E+001
9.180229218822E+001
1.164186971850E+002
1.192159331642E+002
1.206617295726E+002
1.212731001703E+002
6.800950057571E+001
9.866514242392E+001
1.137123427512E+002
1.209847963347E+002
1.214490364048E+002
1.307998120745E+002
1.385960096271E+002
1.477335838567E+002
1.526011451102E+002
1.701985366905E+002
1.733704184410E+002
1.776303457475E+002
1.816821994719E+002
1.881487391914E+002
5.279809564467E+001
8.826883142439E+001
9.246775493943E+001
9.365527858899E+001
1.081583716558E+002
1.151753633830E+002
1.180392537485E+002
8.805416236243E+001
9.677824822892E+001
1.119436845170E+002
1.284450416550E+002
1.298214566348E+002
1.407716039531E+002
1.522854954390E+002
1.468092383848E+002
1.682558979349E+002
1.707932401940E+002
1.725069434492E+002
1.789338907089E+002
2.129119626795E+002
2.161660274839E+002
6.828049067201E+001
7.132517046093E+001
1.049102183290E+002
1.219067393355E+002
1.392018696206E+002
1.494219715879E+002
1.569804499192E+002
3.302781948662E+001
5.660081169284E+001
5.878880387834E+001
6.080065366530E+001
7.002867036917E+001
7.189457620221E+001
7.512741827117E+001
6.134057360872E+001
8.179297531529E+001
8.983713999883E+001
9.207354989203E+001
9.361519782933E+001
9.811886328707E+001
1.056733894219E+002
3.582228873211E+001
9.183597298225E+001
9.222278303065E+001
9.396025565072E+001
1.044945874187E+002
1.164647975247E+002
1.259549496031E+002
9.393411845659E+001
9.927781599844E+001
1.005982751442E+002
1.067969291917E+002
1.073151575652E+002
1.125563685831E+002
1.185145453583E+002
8.037821227804E+001
8.596730617248E+001
1.118703236180E+002
1.216508574134E+002
1.229986642550E+002
1.304659494227E+002
1.362915974969E+002
7.978515317883E+001
8.729533647264E+001
9.748600494123E+001
1.114380239469E+002
1.121022351208E+002
1.127509302497E+002
1.140979362104E+002
3.253613237047E+001
4.531024653112E+001
8.355396776203E+001
8.539169250957E+001
8.839414827998E+001
9.183597298225E+001
9.290339852443E+001
8.301937598509E+001
1.016520162352E+002
1.035154433002E+002
1.094118034349E+002
1.262339397841E+002
1.299981237224E+002
1.362770030512E+002
5.158295798090E+001
5.655997722106E+001
5.860044285025E+001
8.745868077027E+001
8.957472226479E+001
1.007518017042E+002
1.017188433342E+002
5.195187770571E+001
7.340443778280E+001
7.822156855010E+001
8.018453978931E+001
8.355396776203E+001
8.893264211502E+001
9.137880008291E+001
1.580763389992E+002
1.733599663939E+002
1.886262302223E+002
2.021461339589E+002
2.029910464444E+002
2.145100118635E+002
2.163069350401E+002
1.315636975786E+001
2.656252783686E+001
5.104089971425E+001
5.216115230599E+001
6.340602489197E+001
7.360919174097E+001
7.906067435939E+001
8.474562563141E+001
9.015790743867E+001
9.819481592172E+001
1.188101308998E+002
1.336387655274E+002
1.567236618540E+002
1.575148089966E+002
7.947873100910E+001
8.132008384712E+001
8.429041689883E+001
8.527781244575E+001
8.751963214454E+001
9.154297720951E+001
9.432125460611E+001
4.197971389991E+001
4.797132701618E+001
5.270982272126E+001
7.525321699389E+001
9.233546770753E+001
9.887666326558E+001
1.015317146835E+002
8.984781575178E+001
1.133232377450E+002
1.352417663583E+002
1.357114116274E+002
1.429905465743E+002
1.438400695507E+002
1.484947436877E+002
5.628578528829E+001
7.794078282587E+001
8.556963133008E+001
8.583960404700E+001
9.315393758720E+001
1.032395949237E+002
1.044982200321E+002
9.250826089195E+001
1.115874296202E+002
1.746616394556E+002
1.770814102262E+002
1.813698686408E+002
1.886262302223E+002
2.049820369868E+002
9.757056940069E+001
1.105253868466E+002
1.178713156012E+002
1.437508371723E+002
1.519323031301E+002
1.627861906282E+002
1.632745714950E+002
4.457420482554E+001
6.535530713523E+001
7.791613186244E+001
7.794078282587E+001
8.315147512809E+001
8.567184769483E+001
9.038942832251E+001
8.850438015224E+001
1.734642060064E+002
1.835033168193E+002
2.310298000472E+002
2.450196494618E+002
2.679971645942E+002
2.749773765588E+002
4.082331560110E+001
5.860044285025E+001
8.552061177802E+001
9.171095361006E+001
9.341845614204E+001
9.440479457267E+001
9.713730565412E+001
4.250537305930E+001
6.351035424900E+001
9.256584630596E+001
9.540209066206E+001
1.006989400016E+002
1.054175974451E+002
1.064759427327E+002
8.723342911298E+001
9.884697854076E+001
1.018515008638E+002
1.087638600722E+002
1.170778132565E+002
1.219803685748E+002
1.284345190981E+002
6.002547345542E+001
6.383883044965E+001
7.025475212456E+001
9.977806753201E+001
1.078197087556E+002
1.129620954796E+002
1.188552026852E+002
1.040981227788E+002
1.167033631520E+002
1.185697324781E+002
1.207779525369E+002
1.229191411853E+002
1.236888804983E+002
1.252206143370E+002
4.044283755501E+001
5.245105936928E+001
5.279809564467E+001
5.562495835383E+001
5.634250698912E+001
5.659995685963E+001
5.926291749389E+001
8.407325493694E+001
1.099594686739E+002
1.130557202918E+002
1.154731213629E+002
1.234779048046E+002
1.244207323885E+002
1.298183157922E+002
4.592668817969E+001
4.737781407226E+001
5.296600524044E+001
5.565107560862E+001
6.248630704229E+001
6.310479083539E+001
6.696937140421E+001
7.177302667363E+001
7.262024606173E+001
1.077850037077E+002
1.089820440730E+002
1.123772267746E+002
1.126100884288E+002
1.132859340099E+002
5.418829340117E+001
5.535007504347E+001
7.357056455371E+001
7.582467307402E+001
7.892415665323E+001
8.581887433664E+001
8.697475368027E+001
6.404035223978E+001
6.468998713293E+001
7.130436447815E+001
8.772320138060E+001
1.078730282997E+002
1.236831349498E+002
1.291616530586E+002
4.850966261836E+001
5.182985084321E+001
6.207698279601E+001
6.336594327279E+001
6.476192328851E+001
7.040577344648E+001
8.727238894770E+001
5.870172903410E+001
9.137880008291E+001
9.461028263664E+001
9.609731558078E+001
1.012937049649E+002
1.079213037235E+002
1.129812359073E+002
2.204480288123E+001
2.246610646283E+001
5.768107954632E+001
6.656784522057E+001
7.122563278781E+001
7.877225442652E+001
8.326440388006E+001
5.443820000279E+001
9.059509648248E+001
9.072195841821E+001
1.020513665857E+002
1.168112083601E+002
1.176937954021E+002
1.192127298556E+002
2.731250930343E+001
3.302781948662E+001
3.776612338781E+001
4.280680669715E+001
4.746101434504E+001
5.115723162396E+001
5.565107560862E+001
1.182802719571E+002
1.210201518327E+002
1.233882923970E+002
1.242248155895E+002
1.278903384673E+002
1.280819870639E+002
1.324624582058E+002
3.935381429926E+001
1.077295892435E+002
1.086381904149E+002
1.108608842328E+002
1.115619467814E+002
1.280586507047E+002
1.328010876379E+002
1.120046767563E+002
1.262978507385E+002
1.271063032736E+002
1.329363017801E+002
1.369950223119E+002
1.492243463023E+002
1.539416241398E+002
7.859778089743E+001
9.260125593179E+001
9.529441887653E+001
9.825084780657E+001
1.007533614157E+002
1.052041461299E+002
1.079213037235E+002
1.130495720254E+002
1.139111453450E+002
1.163481153634E+002
1.210201518327E+002
1.232744892843E+002
1.377135963489E+002
1.378678258332E+002
9.754265067108E+001
1.097348576609E+002
1.128703398941E+002
1.140367658843E+002
1.173327602728E+002
1.290372469786E+002
1.312117166898E+002
5.338136500386E+001
7.310903086965E+001
8.601083884539E+001
8.959737626281E+001
9.912677620815E+001
9.916783418799E+001
9.938637741020E+001
1.369950223119E+002
1.377615330979E+002
1.394076065467E+002
1.558212383964E+002
1.885337491080E+002
2.118228753505E+002
2.219922621811E+002
2.087856272772E+001
4.280680669715E+001
5.418829340117E+001
6.392130556545E+001
6.985288358467E+001
7.464589548857E+001
7.974413065643E+001
1.078816168491E+002
1.278299734144E+002
1.463745711647E+002
1.473246413706E+002
1.555739033888E+002
1.556083152367E+002
1.660559451001E+002
3.304846372826E+001
7.601113482839E+001
7.892954199152E+001
8.037821227804E+001
8.774651471165E+001
9.240573889625E+001
9.293098935083E+001
4.623480831253E+001
5.443820000279E+001
7.601113482839E+001
8.596730617248E+001
8.692671952061E+001
9.383584885900E+001
9.440479457267E+001
1.058726119346E+001
5.879757803735E+001
9.250826089195E+001
1.007533614157E+002
1.089706044108E+002
1.394252626964E+002
1.434511257088E+002
1.580763389992E+002
2.081166320319E+002
2.955538019041E+002
2.966639653313E+002
2.975164513661E+002
3.011301840825E+002
3.038333737748E+002
7.292154881775E+001
7.313116353744E+001
9.459479211540E+001
9.527610305471E+001
1.009501188947E+002
1.067969291917E+002
1.068177416281E+002
1.314233169775E+002
1.349742807156E+002
1.396125928554E+002
1.490690502015E+002
1.578640165133E+002
1.613655242043E+002
1.653175527009E+002
3.484586127444E+001
7.963676632407E+001
7.999787784438E+001
8.292694348683E+001
8.801878008005E+001
9.446432183692E+001
9.825084780657E+001
4.502262808953E+001
7.012559440115E+001
7.039926636831E+001
7.304301892862E+001
8.341911401174E+001
9.317946443002E+001
9.553871125323E+001
2.832404453872E+001
2.952558160067E+001
3.992739178487E+001
4.253379492565E+001
4.725911192513E+001
5.296600524044E+001
5.442980144203E+001
3.484586127444E+001
4.971994932033E+001
6.267124976254E+001
9.304182310925E+001
9.402980658119E+001
1.028425233099E+002
1.052041461299E+002
4.186633519713E+001
6.817783907013E+001
7.662978025910E+001
8.555519353615E+001
9.171095361006E+001
1.034041764521E+002
1.140367658843E+002
1.144140641315E+002
1.264625576136E+002
1.275488884942E+002
1.596126110369E+002
1.693035865351E+002
1.715859730835E+002
1.722191132121E+002
6.158265590046E+001
8.601083884539E+001
8.753392237867E+001
8.940525398346E+001
9.144665404680E+001
1.048376103196E+002
1.114811412780E+002
7.521732763318E+001
8.115228849895E+001
8.478033765081E+001
9.144665404680E+001
9.364706657816E+001
9.365321481886E+001
1.079229286469E+002
7.331296761553E+001
8.681030208700E+001
8.822831191680E+001
9.140237732397E+001
9.301208760051E+001
9.653299121242E+001
9.819481592172E+001
3.835607090238E+001
4.746101434504E+001
6.287643540921E+001
6.288747808422E+001
6.392130556545E+001
6.463887420055E+001
6.500164868049E+001
4.188008293862E+001
4.862034200135E+001
5.562495835383E+001
7.106426759646E+001
7.122563278781E+001
7.243028359118E+001
7.617801053558E+001
5.862361354056E+001
8.165029035937E+001
8.318209349232E+001
8.893264211502E+001
9.271483703486E+001
9.290339852443E+001
9.609731558078E+001
5.085855010561E+001
5.410110368631E+001
6.717832692018E+001
8.111550357843E+001
8.602490207799E+001
9.364706657816E+001
9.673346799062E+001
5.823741162754E+001
7.744677754453E+001
7.906067435939E+001
9.145545847552E+001
9.673346799062E+001
1.006288214592E+002
1.049121196105E+002
1.409169497016E+002
1.595418172467E+002
1.693740477031E+002
1.848959274475E+002
1.868386254157E+002
2.000206734203E+002
2.080932982660E+002
8.855142759167E+001
9.147842646836E+001
9.185000972882E+001
1.103324405861E+002
1.157897952511E+002
1.245032794273E+002
1.598730947311E+002
1.013509185251E+002
1.211478781295E+002
1.249746057264E+002
1.481590865462E+002
1.564353761109E+002
1.637604853842E+002
1.651236022559E+002
3.470954688359E+001
5.760400484000E+001
6.425090991745E+001
6.597210432839E+001
8.109796695750E+001
8.403319945969E+001
1.002942699579E+002
7.571646591719E+001
8.460504116162E+001
9.767862653160E+001
1.036635988416E+002
1.183981481377E+002
1.225918508054E+002
1.292451219883E+002
5.297268668908E+001
6.113106535143E+001
7.431140613474E+001
7.848941225095E+001
7.977183296850E+001
8.778228452595E+001
9.836704387818E+001
5.060309140744E+001
5.757220234465E+001
6.773512610322E+001
7.040577344648E+001
9.007001143730E+001
9.052812979587E+001
9.412877721426E+001
7.746564870835E+001
8.387416745356E+001
8.497698503827E+001
8.830289383050E+001
8.939855126466E+001
9.198342602095E+001
9.226236498521E+001
6.664382587489E+001
7.501322236318E+001
7.521732763318E+001
8.580206148228E+001
9.141365570045E+001
9.891297477233E+001
1.075046166150E+002
9.223314971580E+001
1.089820440730E+002
1.221033736158E+002
1.221777143883E+002
1.269665522607E+002
1.289522340426E+002
1.313276446522E+002
1.195388012820E+002
1.297028082801E+002
1.399911366774E+002
1.474118720398E+002
1.672313368265E+002
1.865408999075E+002
1.996480085287E+002
4.592668817969E+001
7.287554237502E+001
7.562219360969E+001
8.450784574668E+001
1.031869654285E+002
1.049344934716E+002
1.050011290457E+002
5.757220234465E+001
5.890231663230E+001
6.207698279601E+001
7.073559132445E+001
8.308773615290E+001
8.522241945060E+001
8.889739236097E+001
8.026407185223E+001
8.267062233110E+001
1.163501880838E+002
1.163997433240E+002
1.209386343935E+002
1.222125527422E+002
1.282394241148E+002
8.157126327365E+001
1.060439093002E+002
1.104250819831E+002
1.279159698313E+002
1.301325897903E+002
1.330361011516E+002
1.577367654859E+002
9.036987496589E+001
9.267244961185E+001
9.406703456540E+001
9.530745415964E+001
9.986302632902E+001
1.105987096245E+002
1.149824985438E+002
6.505994546186E+001
1.230188820616E+002
1.521839920007E+002
1.590844887970E+002
1.617169868199E+002
1.656908676941E+002
1.769679625109E+002
3.788391552120E+001
3.879125521073E+001
4.850966261836E+001
5.060309140744E+001
5.890231663230E+001
6.133674215714E+001
6.443640638940E+001
4.753791613315E+001
5.776576994983E+001
6.828049067201E+001
9.701503081629E+001
1.063558534167E+002
1.198603807817E+002
1.226047779357E+002
3.936434973923E+001
4.044283755501E+001
4.862034200135E+001
5.406658197517E+001
5.971437851675E+001
6.269678243645E+001
6.294603537585E+001
6.287643540921E+001
7.288838597841E+001
9.416610956153E+001
9.475534693987E+001
9.857776440422E+001
1.017363111181E+002
1.067133154837E+002
4.753791613315E+001
7.314879737177E+001
7.700143610308E+001
1.203679440062E+002
1.231677909899E+002
1.392018696206E+002
1.598189433535E+002
9.645572784799E+001
1.034298253057E+002
1.251713521072E+002
1.283405784938E+002
1.305802858956E+002
1.503356069254E+002
1.525018138926E+002
1.531689531924E+002
2.203473160919E+002
2.211556748640E+002
2.275545953167E+002
2.318858408152E+002
2.498982035854E+002
2.581354693790E+002
3.936434973923E+001
5.072433201797E+001
5.682599537154E+001
6.143103294160E+001
6.712334508144E+001
7.432541139198E+001
8.495592982238E+001
3.316691866930E+001
4.837538192339E+001
5.287279203650E+001
5.545929705352E+001
5.971437851675E+001
6.177115956712E+001
6.418776085176E+001
6.008972721927E+001
7.674578441513E+001
7.700143610308E+001
1.228136678568E+002
1.305802858956E+002
1.309156411394E+002
1.474669661702E+002
2.656252783686E+001
3.776612338781E+001
4.035222195779E+001
4.399306386668E+001
5.660081169284E+001
6.463887420055E+001
6.696937140421E+001
1.058726119346E+001
4.087852373091E+001
6.823929394196E+001
1.115874296202E+002
1.207326538378E+002
1.275776446061E+002
1.364970431469E+002
7.947873100910E+001
8.587450704706E+001
1.013509185251E+002
1.212565192856E+002
1.303862612528E+002
1.510624088061E+002
1.597938821428E+002
8.356758590243E+001
1.136788572781E+002
1.276492065340E+002
1.321869780087E+002
1.366727952518E+002
1.501468271204E+002
1.571414096190E+002
3.822953764755E+001
6.673859159064E+001
8.923078131377E+001
9.323838732856E+001
9.636596136290E+001
9.754265067108E+001
9.981742713325E+001
5.126830951504E+001
6.267124976254E+001
8.018453978931E+001
8.801878008005E+001
9.260125593179E+001
9.696455894262E+001
9.880732115684E+001
8.301937598509E+001
8.772320138060E+001
1.056982577243E+002
1.076666380002E+002
1.107494843681E+002
1.136788572781E+002
1.169623565227E+002
5.687846961501E+001
6.090648090287E+001
6.091507124258E+001
6.113815235454E+001
6.304579213422E+001
6.418776085176E+001
6.597210432839E+001
4.837538192339E+001
7.119219702826E+001
7.243028359118E+001
7.285017256808E+001
7.712873623056E+001
8.035213898606E+001
8.326440388006E+001
7.752329230023E+001
8.161545180667E+001
8.450784574668E+001
8.602490207799E+001
8.691945871482E+001
9.613522875904E+001
1.027856005332E+002
4.717391949957E+001
5.582401508980E+001
5.766619863690E+001
5.878880387834E+001
5.904122200032E+001
6.672336089537E+001
6.799205724174E+001
5.989759349086E+001
6.269678243645E+001
6.476192328851E+001
6.674393142966E+001
6.972664267719E+001
7.128358885974E+001
7.576692285650E+001
7.271778540231E+001
7.865042957112E+001
8.818648099998E+001
9.694373301255E+001
1.008977991216E+002
1.013032094360E+002
1.055507346225E+002
4.399306386668E+001
4.737781407226E+001
5.104089971425E+001
5.168660158380E+001
6.500164868049E+001
7.431140613474E+001
8.722698207893E+001
3.781922951012E+001
5.392169183803E+001
8.636896338483E+001
9.169800040303E+001
9.462327691810E+001
9.883953654648E+001
1.010419479442E+002
4.725911192513E+001
6.248630704229E+001
7.304301892862E+001
7.325228900840E+001
7.963676632407E+001
8.026407185223E+001
8.183232261159E+001
5.809370924397E+001
7.957187918085E+001
8.046614407028E+001
8.746444891824E+001
1.007480629475E+002
1.119436845170E+002
1.129812359073E+002
2.918952096929E+001
3.626876687077E+001
6.778475124353E+001
6.817783907013E+001
7.576203585486E+001
8.660891900820E+001
8.976880154391E+001
2.939592276515E+001
6.186153753227E+001
7.204028587115E+001
7.355592590318E+001
9.147842646836E+001
1.041595327909E+002
1.071694916894E+002
3.026744361476E+001
3.946862245913E+001
5.081847946751E+001
5.545929705352E+001
5.634250698912E+001
5.848264715573E+001
6.143103294160E+001
9.504270526193E+001
9.984593643279E+001
1.089005167584E+002
1.115653919551E+002
1.115688639122E+002
1.179187998258E+002
1.196995145425E+002
3.026744361476E+001
5.287279203650E+001
5.687846961501E+001
5.760400484000E+001
6.113004443781E+001
7.149326636736E+001
7.281718344646E+001
5.182985084321E+001
6.113815235454E+001
6.133674215714E+001
6.233114440053E+001
6.694549710767E+001
6.735096817855E+001
7.622185246774E+001
8.046614407028E+001
1.125621720689E+002
1.276492065340E+002
1.307631026080E+002
1.319191445504E+002
1.397894167382E+002
1.461113048677E+002
4.192921352060E+001
5.034604455314E+001
7.256737146421E+001
8.381684086908E+001
8.838568487822E+001
9.266007762002E+001
9.368827664725E+001
2.918952096929E+001
5.478352335745E+001
6.533669123327E+001
7.160906076790E+001
8.729533647264E+001
1.034041764521E+002
1.146309055743E+002
6.008972721927E+001
9.645572784799E+001
1.249372172157E+002
1.284946289818E+002
1.351200766974E+002
1.379265096571E+002
1.433702431151E+002
7.752329230023E+001
8.741874443213E+001
9.136136589485E+001
9.180229218822E+001
1.143563154629E+002
1.158469104368E+002
1.193424323969E+002
3.777767418930E+001
6.672336089537E+001
6.673859159064E+001
6.687939247853E+001
7.040352902499E+001
7.391792641939E+001
7.848941225095E+001
8.403319945969E+001
8.776125768985E+001
9.145545847552E+001
9.935417280651E+001
1.206635050867E+002
1.220844755739E+002
1.348667000588E+002
7.300553583943E+001
1.256682789737E+002
1.431053458642E+002
1.528182293496E+002
1.535732922384E+002
1.603310666603E+002
1.603876439736E+002
7.544520209436E+001
8.366424015257E+001
1.240153368246E+002
1.302350384635E+002
1.383072013383E+002
1.544482369755E+002
1.565303800915E+002
6.692806744750E+001
8.150854813611E+001
8.990176864011E+001
9.471216530618E+001
9.683136144140E+001
1.037550698461E+002
1.111666399150E+002
6.079208143287E+001
7.525321699389E+001
1.094118034349E+002
1.169623565227E+002
1.195861593599E+002
1.303159266846E+002
1.369131756597E+002
4.740054533043E+001
5.410110368631E+001
5.773082159811E+001
6.664382587489E+001
6.875850944653E+001
6.898088796075E+001
7.464589548857E+001
6.505994546186E+001
7.340443778280E+001
9.696455894262E+001
9.718496680909E+001
1.003206837194E+002
1.136443002161E+002
1.226411424660E+002
1.006591235462E+002
1.040981227788E+002
1.254719036587E+002
1.261921848377E+002
1.295323785529E+002
1.376340699708E+002
1.394252626964E+002
5.072433201797E+001
5.406658197517E+001
6.206603234366E+001
6.662364783918E+001
6.800950057571E+001
7.578626804124E+001
8.761477822849E+001
5.245105936928E+001
8.826883142439E+001
1.071814170242E+002
1.285546464693E+002
1.320112649818E+002
1.324865838880E+002
1.335834552723E+002
1.338101099425E+002
1.378219164244E+002
1.429373375064E+002
1.433597541080E+002
1.473591545458E+002
1.565280969233E+002
1.678594177600E+002
7.717873076055E+001
7.994899307735E+001
9.472407649001E+001
1.008377452247E+002
1.111262607872E+002
1.185170738487E+002
1.273092621940E+002
3.470954688359E+001
4.454550965250E+001
6.113004443781E+001
6.419710970494E+001
6.745028431961E+001
7.414061196907E+001
7.744677754453E+001
6.823929394196E+001
8.342147687772E+001
1.044933504335E+002
1.108774793459E+002
1.120046767563E+002
1.604384950199E+002
1.619783341958E+002
6.283476617375E+001
1.004811941147E+002
1.197266130307E+002
1.239713872776E+002
1.291168996076E+002
1.321018604085E+002
1.331100642686E+002
1.251713521072E+002
1.501264686762E+002
1.515998700551E+002
1.542198543637E+002
1.584491774220E+002
1.675314777296E+002
1.682560057086E+002
7.203153897608E+001
9.253135316131E+001
1.122119321952E+002
1.309496657830E+002
1.328774245051E+002
1.329088724935E+002
1.344124774376E+002
5.809370924397E+001
5.862361354056E+001
5.870172903410E+001
6.966570763543E+001
7.257937577018E+001
7.859778089743E+001
8.805416236243E+001
6.005420537900E+001
7.793458143863E+001
9.743951923308E+001
1.091095714020E+002
1.105689365211E+002
1.156311752697E+002
1.168766705534E+002
7.492974676316E+001
1.279953191703E+002
1.599912444899E+002
1.776319839060E+002
1.819326933642E+002
1.898256757758E+002
1.903967337368E+002
9.361110490392E+001
1.106855187799E+002
1.111262607872E+002
1.200469299953E+002
1.322171065999E+002
1.331180015064E+002
1.335990765686E+002
5.216115230599E+001
7.262024606173E+001
8.439783150931E+001
9.778715674463E+001
1.057657381018E+002
1.121722131201E+002
1.125625067545E+002
4.253379492565E+001
5.425609044216E+001
6.523966636774E+001
7.325228900840E+001
7.921878838547E+001
8.590135445690E+001
8.636896338483E+001
6.158149297802E+001
6.966570763543E+001
9.271483703486E+001
9.636833182238E+001
9.812083370551E+001
1.051003615593E+002
1.254120225141E+002
1.105689365211E+002
1.269327168033E+002
1.293090028302E+002
1.403443137237E+002
1.421393656371E+002
1.506635755353E+002
1.754214525449E+002
7.149326636736E+001
7.760239833194E+001
7.904180854532E+001
8.439484235841E+001
8.567184769483E+001
9.002055408740E+001
1.040362681172E+002
4.454550965250E+001
5.211019838764E+001
5.823741162754E+001
6.425090991745E+001
8.110339243640E+001
8.722698207893E+001
8.776125768985E+001
4.250537305930E+001
5.034604455314E+001
5.532663122111E+001
6.166729862544E+001
6.875850944653E+001
6.878258771164E+001
7.156490209899E+001
8.351165862937E+001
8.474562563141E+001
8.681030208700E+001
9.256584630596E+001
1.227991463747E+002
1.422957353352E+002
1.471287049003E+002
3.316691866930E+001
3.946862245913E+001
5.659995685963E+001
6.605986649855E+001
6.647009879340E+001
6.994402010932E+001
7.119219702826E+001
7.314879737177E+001
1.063558534167E+002
1.204427757760E+002
1.642573747534E+002
1.869548950567E+002
2.075796237519E+002
2.085172844005E+002
3.822953764755E+001
4.082331560110E+001
5.655997722106E+001
6.529941460666E+001
7.397178453169E+001
8.555519353615E+001
8.983784787060E+001
6.002547345542E+001
6.093383207006E+001
7.630079256847E+001
8.124516542523E+001
8.938889377625E+001
9.149780663153E+001
9.362652623632E+001
2.939592276515E+001
8.855142759167E+001
9.929255781907E+001
1.022324224388E+002
1.037895898822E+002
1.049618052574E+002
1.165583008533E+002
4.916606066930E+001
7.164892320428E+001
1.201488098757E+002
1.387496533110E+002
1.399781776162E+002
1.431053458642E+002
1.578417403597E+002
1.261776339170E+002
1.284450416550E+002
1.305509966378E+002
1.315590512809E+002
1.319191445504E+002
1.448499440276E+002
1.863766881169E+002
5.270982272126E+001
7.093301077629E+001
8.479688346707E+001
8.855968899303E+001
1.011062039786E+002
1.149724626394E+002
1.227607448803E+002
7.470895129006E+001
8.851211779744E+001
9.250704963919E+001
9.362652623632E+001
1.002942699579E+002
1.017957449867E+002
1.027043656331E+002
6.348771815992E+001
7.481298841261E+001
1.212901958614E+002
1.271063032736E+002
1.287860378682E+002
1.311336101941E+002
1.397894167382E+002
9.205144549351E+001
1.303276779025E+002
1.565605155333E+002
1.589470875632E+002
1.604269312072E+002
1.654095236854E+002
1.894395956378E+002
6.093383207006E+001
6.383883044965E+001
7.534723209340E+001
7.925675278458E+001
8.852301042357E+001
9.428492821184E+001
9.727639297340E+001
4.197971389991E+001
6.079208143287E+001
7.004408588309E+001
7.093301077629E+001
7.316462389992E+001
7.488025031617E+001
8.351165862937E+001
1.335834552723E+002
1.443963802041E+002
1.519891019096E+002
1.543352769029E+002
1.595375694328E+002
1.602954696460E+002
1.604595263646E+002
1.315636975786E+001
4.035222195779E+001
5.168660158380E+001
5.245298684440E+001
7.258587829211E+001
7.287315722321E+001
7.414061196907E+001
6.166152296063E+001
6.337960185800E+001
6.985288358467E+001
7.177302667363E+001
7.307017822674E+001
7.953452190795E+001
8.588799011421E+001
4.461234464945E+001
6.158265590046E+001
6.186282467779E+001
7.039926636831E+001
7.307017822674E+001
7.802157580289E+001
7.896101295204E+001
1.023112727541E+002
1.173886898987E+002
1.212731001703E+002
1.711577028533E+002
1.938455469468E+002
2.014806637209E+002
2.025144631793E+002
9.396025565072E+001
9.757415295986E+001
1.085388379766E+002
1.110240633274E+002
1.115619467814E+002
1.141206582692E+002
1.221033736158E+002
1.492023660400E+002
1.517635580855E+002
1.808388825113E+002
1.889716096693E+002
1.919090807233E+002
2.033472810624E+002
2.072380536007E+002
7.391792641939E+001
8.145188939422E+001
8.976429553793E+001
9.225173035494E+001
1.104398660671E+002
1.217427816408E+002
1.265722011650E+002
7.258587829211E+001
8.721310915491E+001
9.617213370741E+001
9.986302632902E+001
1.422321242561E+002
1.480653729804E+002
1.556586551607E+002
1.932061758710E+002
2.073834408987E+002
2.710616577198E+002
2.849430196109E+002
2.897632756997E+002
2.978508282096E+002
2.998393692956E+002
8.913725849552E+001
1.095741234243E+002
1.111666399150E+002
1.121806125668E+002
1.185170738487E+002
1.217574504833E+002
1.238075713118E+002
9.757415295986E+001
1.166269240543E+002
1.334460996522E+002
1.363777700214E+002
1.438051816027E+002
1.455019409868E+002
1.553808355717E+002
7.300553583943E+001
1.127568715092E+002
1.143025448109E+002
1.199003050669E+002
1.230615357635E+002
1.238672356610E+002
1.285005663307E+002
6.563963262445E+001
7.005783140324E+001
9.272083260911E+001
9.774795512732E+001
1.022102775101E+002
1.187727395019E+002
1.387496533110E+002
6.113106535143E+001
6.737034092675E+001
7.061215196808E+001
9.683136144140E+001
1.036635988416E+002
1.089005167584E+002
1.107119562795E+002
5.848264715573E+001
7.391390746308E+001
7.649884822706E+001
7.760239833194E+001
8.151181638017E+001
8.330505352948E+001
8.529321381279E+001
2.832404453872E+001
4.717391949957E+001
4.910676698444E+001
5.053030174877E+001
5.172669934562E+001
5.392169183803E+001
5.681228917871E+001
1.065839984114E+002
1.075046166150E+002
1.085388379766E+002
1.323603982036E+002
1.366103233339E+002
1.400506845183E+002
1.426356699584E+002
1.465864008599E+002
1.838711923681E+002
2.062852292314E+002
2.252390087918E+002
2.276652559091E+002
2.396535050703E+002
2.421636844823E+002
6.692806744750E+001
1.095741234243E+002
1.158636639682E+002
1.160307978375E+002
1.279633007097E+002
1.414141465152E+002
1.558517882071E+002
7.061215196808E+001
8.150854813611E+001
8.460504116162E+001
8.778228452595E+001
1.042933187700E+002
1.165350377578E+002
1.279633007097E+002
1.513656245528E+002
1.513817036425E+002
1.522347503934E+002
1.810782174575E+002
1.812684155522E+002
1.817776715855E+002
1.908230155943E+002
3.935381429926E+001
8.779775921896E+001
9.890196360428E+001
1.032779593421E+002
1.191180898103E+002
1.271922596267E+002
1.299623672790E+002
5.297268668908E+001
1.042933187700E+002
1.112607701941E+002
1.183981481377E+002
1.290112800710E+002
1.464786249202E+002
1.636976756686E+002
1.290966087304E+002
1.448003540663E+002
1.716813223994E+002
1.750013676701E+002
1.804954217471E+002
2.065732522841E+002
2.098236698523E+002
2.534539695822E+002
2.810735108110E+002
3.443027634219E+002
3.555389677793E+002
4.166430444930E+002
4.202833205419E+002
4.375654682795E+002
1.195861593599E+002
1.321554427424E+002
1.595430865832E+002
1.603262161683E+002
1.650610540611E+002
1.817332267564E+002
1.846198740847E+002
6.348771815992E+001
1.121847029778E+002
1.307631026080E+002
1.368451242477E+002
1.382404812235E+002
1.413899742305E+002
1.428920075033E+002
4.186633519713E+001
8.983784787060E+001
9.981742713325E+001
1.069029213526E+002
1.146046929561E+002
1.312117166898E+002
1.348517830072E+002
2.891463696666E+001
5.085855010561E+001
5.773082159811E+001
6.309954363851E+001
6.878258771164E+001
7.257937577018E+001
8.867553551692E+001
1.141746493977E+002
1.244803165237E+002
1.470182735569E+002
1.652312216896E+002
1.733713628745E+002
1.755331364036E+002
1.903932983604E+002
9.301208760051E+001
1.105987096245E+002
1.125621720689E+002
1.141414173940E+002
1.382404812235E+002
1.581182946813E+002
1.648921387090E+002
5.495397964669E+001
7.164892320428E+001
7.860494737967E+001
9.977286024461E+001
1.081127376728E+002
1.122352215570E+002
1.143025448109E+002
2.891463696666E+001
3.906552195707E+001
6.717832692018E+001
7.097653099598E+001
8.268864513999E+001
8.691945871482E+001
8.838568487822E+001
1.905596284253E+002
2.033417365908E+002
2.068611982424E+002
2.133700252337E+002
2.170222448630E+002
2.213637004562E+002
2.362613192426E+002
7.822156855010E+001
8.896037764220E+001
9.205144549351E+001
1.363290087701E+002
1.453950814775E+002
1.507987652321E+002
1.535270990160E+002
1.461068298363E+002
1.758213685242E+002
1.793932724542E+002
1.950825631692E+002
2.400150552287E+002
2.465470264448E+002
2.530239204092E+002
4.587640175267E+001
5.669330441512E+001
6.205932831040E+001
7.145567516146E+001
7.232823932527E+001
8.035413594081E+001
8.755381069649E+001
7.132517046093E+001
8.042882479019E+001
1.229986642550E+002
1.256432867206E+002
1.261951282253E+002
1.382588471545E+002
1.417769953512E+002
1.422321242561E+002
1.453992409483E+002
1.517178526503E+002
1.673422898287E+002
1.724169899076E+002
1.836815832234E+002
1.906862566615E+002
8.743998440381E+001
9.780386628397E+001
1.049153024318E+002
1.055600720591E+002
1.097348576609E+002
1.277735785424E+002
1.288289181914E+002
9.036987496589E+001
1.591459964083E+002
1.648884660773E+002
1.648921387090E+002
1.660928409810E+002
1.673422898287E+002
1.868365280454E+002
1.055600720591E+002
1.128703398941E+002
1.822243912732E+002
1.862604799736E+002
1.896036425224E+002
1.935001547507E+002
1.969726923257E+002
1.067929084771E+002
1.292735589028E+002
1.406369514903E+002
1.469304926641E+002
1.515447737017E+002
1.524339308855E+002
1.563519869412E+002
4.916606066930E+001
6.563963262445E+001
7.347264238821E+001
7.512741827117E+001
9.115690742158E+001
9.421353184153E+001
9.977286024461E+001
1.279846392122E+002
1.329510553159E+002
1.370299135944E+002
1.421589203714E+002
1.538921424166E+002
1.721837544770E+002
1.736622733673E+002
9.231580318517E+001
1.026126740165E+002
1.156143982744E+002
1.174837982440E+002
1.195563613242E+002
1.331100642686E+002
1.333715640108E+002
6.545779847858E+001
8.852301042357E+001
8.913725849552E+001
9.272083260911E+001
9.421353184153E+001
1.071486384858E+002
1.122352215570E+002
5.172669934562E+001
6.529941460666E+001
7.012559440115E+001
7.040352902499E+001
7.761773757920E+001
8.028939070460E+001
8.038931550393E+001
9.140237732397E+001
1.317607175235E+002
1.426356699584E+002
1.513656245528E+002
1.808531126866E+002
1.841321420513E+002
1.922456772780E+002
4.461234464945E+001
6.166152296063E+001
7.121071956004E+001
7.812219500613E+001
8.587450704706E+001
8.634176426876E+001
8.940525398346E+001
3.166005611422E+001
5.997233852412E+001
6.090648090287E+001
6.233114440053E+001
8.529960161535E+001
9.038942832251E+001
1.004263401536E+002
7.481298841261E+001
7.957187918085E+001
1.297631069856E+002
1.329363017801E+002
1.344296586883E+002
1.428920075033E+002
1.433467077638E+002
1.207326538378E+002
1.619783341958E+002
1.623083891197E+002
1.971424812354E+002
2.068611982424E+002
2.393696817960E+002
2.787431071282E+002
5.211019838764E+001
8.102272600130E+001
8.109796695750E+001
1.000730972085E+002
1.148543248217E+002
1.196554891310E+002
1.213434740374E+002
8.341911401174E+001
9.459479211540E+001
9.927781599844E+001
1.017458465671E+002
1.092756517726E+002
1.222526023187E+002
1.245163560626E+002
