1.053879602082E+00
1.518212089683E+00
2.461613741766E+00
2.826485152858E+00
2.840562558615E+00
3.262649408603E+00
3.471283921547E+00
3.561611433843E+00
3.581159920177E+00
3.583762923239E+00
3.608510106570E+00
3.656829368315E+00
3.664912671346E+00
3.667595212792E+00
3.674365025049E+00
3.682623391551E+00
3.695480924348E+00
3.741167701392E+00
3.757087406756E+00
3.780188955375E+00
3.783940838464E+00
3.789413091450E+00
3.792564974813E+00
3.808237164361E+00
3.826773938363E+00
3.886118669907E+00
3.890087036976E+00
3.899261969199E+00
3.934580734407E+00
3.945728370960E+00
3.946514398305E+00
3.961057902838E+00
3.993333227809E+00
4.011170775481E+00
4.016599984925E+00
4.018016908753E+00
4.024380423256E+00
4.028916300342E+00
4.046489033028E+00
4.050818985864E+00
4.092290939177E+00
4.094265833751E+00
4.094736085302E+00
4.114397513396E+00
4.130148720660E+00
4.134185978026E+00
4.154998919541E+00
4.159875933821E+00
4.187284393483E+00
4.187757025684E+00
1.571354541749E-01
6.794183743381E-01
7.846125415799E-01
7.927042272220E-01
9.484573937916E-01
9.682301742856E-01
9.809883939107E-01
1.039086437040E+00
1.053202322264E+00
1.053879602082E+00
1.062023838680E+00
1.074430560566E+00
1.082679202467E+00
1.115456580901E+00
1.124669454921E+00
1.132257662734E+00
1.134200792759E+00
1.149547971456E+00
1.154450351182E+00
1.159426626610E+00
1.161082100528E+00
1.182807424254E+00
1.200294241698E+00
1.211081052227E+00
1.254977757925E+00
1.255036542148E+00
1.257824792984E+00
1.258841033354E+00
1.281466282330E+00
1.288071733594E+00
1.291606565523E+00
1.297954505704E+00
1.307747911085E+00
1.308537847791E+00
1.314731329002E+00
1.335935216104E+00
1.355875175721E+00
1.373181367052E+00
1.375682161275E+00
1.376874231532E+00
1.405310237142E+00
1.422160485364E+00
1.429592734216E+00
1.432353945175E+00
1.442322720472E+00
1.442525742047E+00
1.458733251821E+00
1.461971643995E+00
1.472168293515E+00
1.485856706268E+00
2.614777365983E-01
2.839918956545E-01
3.082661554411E-01
3.120250843256E-01
3.144263376850E-01
3.156932341640E-01
3.249985056493E-01
3.401282738317E-01
3.455005600809E-01
3.494315845815E-01
3.693966456914E-01
3.813055379926E-01
3.911208213523E-01
3.949230241097E-01
3.981748824650E-01
4.215961386042E-01
4.385585530193E-01
4.660744469003E-01
4.855101000171E-01
4.884566171110E-01
4.943450786964E-01
4.951143323669E-01
4.974066640526E-01
4.997273205547E-01
5.226388723013E-01
5.676948068963E-01
5.720700702243E-01
5.785478144022E-01
5.857098141581E-01
6.027619041862E-01
6.160022830809E-01
6.174248122828E-01
6.421183056104E-01
6.704985029957E-01
6.743336532161E-01
6.794183743381E-01
6.883039026102E-01
6.913241063974E-01
6.917538547288E-01
7.342145054997E-01
7.391074651079E-01
7.499952630978E-01
7.573018141430E-01
7.599364927356E-01
7.640634073946E-01
8.072321139385E-01
8.076543034788E-01
8.136841721287E-01
8.360219954848E-01
8.387253035029E-01
1.571354541749E-01
3.949230241097E-01
4.971818531874E-01
5.596100725122E-01
5.748601386559E-01
6.245721447683E-01
6.496571165003E-01
6.556046731255E-01
6.789553133573E-01
7.078464589093E-01
7.101720452973E-01
7.110637784450E-01
7.127220314981E-01
7.254008227119E-01
7.354022759610E-01
7.452086330458E-01
7.611695921014E-01
7.712648036726E-01
7.826046850421E-01
7.859590656867E-01
8.018641984931E-01
8.055015964014E-01
8.059230063850E-01
8.193963712265E-01
8.282365981698E-01
8.332693548288E-01
8.519194066472E-01
8.519354272818E-01
8.541022253123E-01
8.557539022946E-01
8.557989288636E-01
8.824044938298E-01
8.848340865921E-01
8.921721180208E-01
8.929679881019E-01
9.077032993131E-01
9.191989726166E-01
9.285022941378E-01
9.333356794186E-01
9.387363374723E-01
9.459999695601E-01
9.553975971299E-01
9.597851796740E-01
1.004245800784E+00
1.027851027714E+00
1.028183747033E+00
1.063281686941E+00
1.063842136093E+00
1.084652486602E+00
1.088002440775E+00
2.079271033221E-02
5.765767091059E-02
6.416694500555E-02
8.356506633509E-02
1.216817810251E-01
1.629008427537E-01
2.452515991418E-01
2.715261645501E-01
3.199727884907E-01
8.721693064775E-01
8.767515441441E-01
8.911027238633E-01
9.221656166255E-01
9.309070883117E-01
9.324749418110E-01
9.641275519601E-01
9.778977599431E-01
9.841114751322E-01
9.930924996066E-01
9.996725073888E-01
1.007363760310E+00
1.047108805155E+00
1.047290901284E+00
1.047359838342E+00
1.060152612069E+00
1.088116271085E+00
1.105699321743E+00
1.107100739374E+00
1.114631418107E+00
1.117150698905E+00
1.126657970474E+00
1.133380645296E+00
1.138035719733E+00
1.142115239568E+00
1.152667823473E+00
1.161582786496E+00
1.168252937197E+00
1.171785271622E+00
1.172227023178E+00
1.190096823436E+00
1.225982505213E+00
1.228282852190E+00
1.247541221614E+00
1.259795757043E+00
1.260988551772E+00
1.294042943651E+00
1.323487210502E+00
1.324347303603E+00
1.324744790626E+00
1.326121101672E+00
2.079271033221E-02
4.060401295801E-02
8.020619999342E-02
8.947955579109E-02
1.152279357415E-01
1.292049266091E-01
3.087152916472E-01
3.264376323231E-01
3.716241410792E-01
8.754789250450E-01
9.358149205937E-01
9.651984801332E-01
9.766442946704E-01
9.798015629156E-01
9.801648824581E-01
9.981034641138E-01
1.009008300546E+00
1.010964055355E+00
1.017562499222E+00
1.032438263911E+00
1.032986192376E+00
1.045970563128E+00
1.084164076456E+00
1.100595478785E+00
1.101958479674E+00
1.102582186558E+00
1.108962030536E+00
1.117505425781E+00
1.121271379737E+00
1.124245723504E+00
1.136793740724E+00
1.144369117715E+00
1.169865233435E+00
1.188218173155E+00
1.190740508025E+00
1.206430736939E+00
1.206929055913E+00
1.215351119021E+00
1.246249837179E+00
1.272709545087E+00
1.285620389338E+00
1.289084339206E+00
1.293248201832E+00
1.301969699132E+00
1.336240035813E+00
1.374531798645E+00
1.402439163447E+00
1.410640051030E+00
1.424705840595E+00
1.485404338348E+00
7.267578413494E-02
1.347183607163E-01
3.488939713999E-01
4.291167061151E-01
4.668580735946E-01
5.734556854127E-01
6.127500144306E-01
6.229120503422E-01
6.929529811930E-01
7.175252702657E-01
7.278647716965E-01
8.263194564834E-01
8.443507842796E-01
8.454143523975E-01
8.907487378086E-01
9.119143164173E-01
9.177494546358E-01
9.321396948807E-01
9.740859311823E-01
1.006903258409E+00
1.023569393335E+00
1.024017049516E+00
1.069946375131E+00
1.070617524306E+00
1.089801681863E+00
1.095082336295E+00
1.103073209754E+00
1.166502065675E+00
1.169303829651E+00
1.180442820611E+00
1.183410423640E+00
1.184570046745E+00
1.199223080867E+00
1.202757267155E+00
1.205442021184E+00
1.218820511685E+00
1.252346339103E+00
1.256852866757E+00
1.268672377757E+00
1.278865910720E+00
1.290447880302E+00
1.290960063565E+00
1.293136441633E+00
1.340139687826E+00
1.351521347924E+00
1.360522035134E+00
1.364466762652E+00
1.387185725097E+00
1.417031571677E+00
1.446615678799E+00
7.267578413494E-02
1.155376958699E-01
3.152508665961E-01
5.890942948273E-01
6.365162667641E-01
6.646945786362E-01
6.813083583611E-01
7.196216111034E-01
7.459097220242E-01
8.183175600620E-01
8.235938619998E-01
9.029540922568E-01
9.564222350734E-01
1.005357263441E+00
1.027455225210E+00
1.086903227225E+00
1.106446140226E+00
1.108188724135E+00
1.108918414044E+00
1.133240277388E+00
1.134459310835E+00
1.148031451008E+00
1.172858058637E+00
1.230322787606E+00
1.264918265011E+00
1.281668242358E+00
1.289971932755E+00
1.298749955326E+00
1.307236905101E+00
1.323573851549E+00
1.323797255767E+00
1.328228966186E+00
1.368347461622E+00
1.370273323188E+00
1.375990423990E+00
1.379012924020E+00
1.396137106913E+00
1.458506350398E+00
1.461252863494E+00
1.467893069034E+00
1.469185155133E+00
1.490208580099E+00
1.498304268285E+00
1.505279679823E+00
1.528510367948E+00
1.549697852767E+00
1.564203895617E+00
1.564370619500E+00
1.570833931071E+00
1.597305410784E+00
1.464221898018E-01
3.152508665961E-01
3.488939713999E-01
1.337264773391E+00
1.431320556441E+00
1.524011054491E+00
1.559262152433E+00
1.575577212638E+00
1.589265049746E+00
1.600878280100E+00
1.612674561501E+00
1.689491390495E+00
1.763439449716E+00
1.822689748357E+00
1.961068827091E+00
1.971519802315E+00
1.986043425235E+00
2.024942898193E+00
2.034951208391E+00
2.064838567890E+00
2.121457478618E+00
2.123282205275E+00
2.151893109115E+00
2.155196784314E+00
2.161351313713E+00
2.171268249624E+00
2.181164800129E+00
2.189272338042E+00
2.209345747006E+00
2.236475788415E+00
2.242821290561E+00
2.246827833085E+00
2.254880551238E+00
2.294021784779E+00
2.302758113676E+00
2.318391941590E+00
2.320474255580E+00
2.323130248463E+00
2.324083705152E+00
2.345667003122E+00
2.348059472386E+00
2.364527465815E+00
2.372099402213E+00
2.382558737906E+00
2.389499775497E+00
2.394419820161E+00
2.408651326284E+00
2.415611967310E+00
2.420210514119E+00
2.440665775185E+00
1.155376958699E-01
1.347183607163E-01
1.464221898018E-01
8.121232400344E-01
8.440404922468E-01
8.670623571995E-01
9.265107272967E-01
1.007655543176E+00
1.023374421503E+00
1.029276655469E+00
1.034758078465E+00
1.040013669617E+00
1.077518855025E+00
1.157261717595E+00
1.262613067654E+00
1.266997314724E+00
1.277674598398E+00
1.343954359851E+00
1.351994965128E+00
1.376769401359E+00
1.431144811115E+00
1.438804668242E+00
1.457218030549E+00
1.461781175432E+00
1.472321399208E+00
1.480367845932E+00
1.495612281408E+00
1.511390040385E+00
1.521823777448E+00
1.522303381999E+00
1.541218159252E+00
1.585402239198E+00
1.590183354781E+00
1.604798300441E+00
1.619888178788E+00
1.625792272503E+00
1.639109511535E+00
1.643637833533E+00
1.664562323902E+00
1.676538006777E+00
1.689006707170E+00
1.701559232933E+00
1.703953744410E+00
1.705430696484E+00
1.737847786886E+00
1.765043460846E+00
1.777129192867E+00
1.789254664176E+00
1.797425722816E+00
1.799798293274E+00
4.040639040200E-02
4.555630885436E-02
1.308430478192E-01
1.405818780560E-01
1.705135721165E-01
1.803606826248E-01
1.898266295256E-01
1.929325627802E-01
1.975202188207E-01
2.059240364024E-01
2.083619520706E-01
2.097343838324E-01
2.120450620006E-01
2.137620604520E-01
2.138139733800E-01
2.240194549797E-01
2.373531467419E-01
2.440535690006E-01
2.613727346063E-01
2.647240602221E-01
2.663166600409E-01
2.751912911060E-01
2.787248993213E-01
2.967796469804E-01
2.980944194484E-01
2.981419254849E-01
3.009935959648E-01
3.039058012060E-01
3.104190499305E-01
3.180207121248E-01
3.225668050101E-01
3.249985056493E-01
3.716572412057E-01
3.752497782286E-01
3.804146077224E-01
3.845326590162E-01
3.850418381712E-01
4.019355709713E-01
4.257392414222E-01
4.303339024440E-01
4.333806024937E-01
4.346935745721E-01
4.437835327959E-01
4.480632712805E-01
4.614983701054E-01
4.637336761442E-01
4.660973391486E-01
4.949262402660E-01
5.034623801621E-01
5.315765934247E-01
8.861333213189E-02
1.162595893178E-01
1.388316445552E-01
1.782545572382E-01
1.795502868471E-01
2.198304448867E-01
2.252642374972E-01
2.291909669044E-01
3.026006679239E-01
3.104190499305E-01
3.178442034694E-01
3.278217482642E-01
3.403463441507E-01
3.548592085193E-01
3.629874960147E-01
3.700500530564E-01
3.719212682355E-01
3.743192018563E-01
3.810426580094E-01
4.080398628211E-01
4.625565157973E-01
4.626801615456E-01
4.654567608534E-01
4.974066640526E-01
5.170549115629E-01
5.638831228611E-01
5.705076427869E-01
5.740140235525E-01
5.799259511411E-01
5.810807157244E-01
6.032895331800E-01
6.492805184040E-01
6.544105277331E-01
6.887399087533E-01
6.914307289889E-01
7.099525007982E-01
7.120252023408E-01
7.498367721886E-01
7.733666285325E-01
7.942462125943E-01
8.071737910585E-01
8.174901274471E-01
8.183175600620E-01
8.212593759699E-01
8.421647223237E-01
8.455174098608E-01
8.564689231760E-01
9.119143164173E-01
9.257305992144E-01
9.382027301031E-01
8.861333213189E-02
1.259331699395E-01
1.574567489765E-01
2.034752305868E-01
2.512459085453E-01
2.551702345435E-01
2.746968413896E-01
2.918373992999E-01
3.092130390171E-01
3.127557493527E-01
3.266537503232E-01
3.413960020435E-01
3.820861061536E-01
3.849883629819E-01
3.930978888428E-01
4.019355709713E-01
4.028263171229E-01
4.133923507486E-01
4.230930940475E-01
4.310260306061E-01
4.367857925045E-01
4.416640236847E-01
5.303681186201E-01
5.918631397631E-01
6.145802872328E-01
6.174248122828E-01
6.425989078716E-01
6.646945786362E-01
6.704525748827E-01
6.709258722942E-01
6.860236052052E-01
7.034950663451E-01
7.116128806311E-01
7.278647716965E-01
7.350164592253E-01
7.426029617070E-01
7.478974127813E-01
7.506719745975E-01
7.579779980182E-01
7.637900568192E-01
7.777518374383E-01
7.816965868526E-01
8.262990123739E-01
8.357062340012E-01
8.434566568297E-01
8.629902546433E-01
8.670623571995E-01
9.202477603136E-01
9.330163903970E-01
9.369252597987E-01
6.909820288781E-02
1.488455354608E-01
1.571208796774E-01
1.808766650291E-01
2.117792248667E-01
2.452515991418E-01
3.087152916472E-01
3.256232621260E-01
4.081900019124E-01
5.034623801621E-01
5.202204523233E-01
5.759218323463E-01
5.825266196469E-01
5.850273737118E-01
5.881868360255E-01
6.326283518808E-01
6.326659258534E-01
6.381003792618E-01
6.408018734924E-01
6.476406514541E-01
6.482623725997E-01
6.518269863625E-01
6.725520255178E-01
6.733701085644E-01
6.738619671051E-01
6.747911370799E-01
6.874413382204E-01
6.881637355473E-01
7.178893747617E-01
7.294751931959E-01
7.306510191073E-01
7.391074651079E-01
7.399204833736E-01
7.426918126898E-01
7.644575383204E-01
7.834107092868E-01
7.848903394647E-01
8.350442188897E-01
8.398319795456E-01
8.564689231760E-01
9.061829268213E-01
9.305638133029E-01
9.362160333554E-01
9.407097172734E-01
9.472517040358E-01
9.612299064041E-01
9.665236173821E-01
9.855046641949E-01
9.864093499301E-01
1.017346733074E+00
3.712461809092E-02
8.647438542841E-02
1.152279357415E-01
1.216817810251E-01
1.266789463637E-01
1.550048141372E-01
1.808766650291E-01
2.471669091361E-01
2.717007946213E-01
5.031703093555E-01
5.625862577908E-01
6.286681524595E-01
6.401491391786E-01
6.586809590515E-01
6.671698707420E-01
6.741363657406E-01
6.790690857626E-01
6.806090117561E-01
6.844752692507E-01
6.885963324267E-01
6.904527612884E-01
6.974865501623E-01
6.994289098975E-01
7.197869749676E-01
7.198485669051E-01
7.359985719813E-01
7.580412349520E-01
7.695206050847E-01
7.712467927801E-01
7.761706124901E-01
7.830146038760E-01
8.001504833305E-01
8.067700359822E-01
8.120156524426E-01
8.197606468561E-01
8.494990764787E-01
8.557989288636E-01
8.597468803992E-01
8.667405445982E-01
8.704195124363E-01
8.856280457604E-01
9.110808487641E-01
9.175508276741E-01
9.412017230984E-01
9.494449409722E-01
9.712432449848E-01
1.010022124478E+00
1.028265577947E+00
1.059962700210E+00
1.121189736029E+00
8.575111265697E-03
1.186884427159E-02
1.852881983855E-02
2.312524111175E-02
3.070675006551E-02
3.123631117635E-02
4.045202554143E-02
6.758096691565E-02
8.904851987786E-02
1.364816307544E-01
1.559573882295E-01
1.574526103177E-01
1.692382530239E-01
1.703982738086E-01
2.012210236414E-01
2.138139733800E-01
2.240808308567E-01
2.692587519950E-01
2.865174909678E-01
2.906030044073E-01
3.199658169773E-01
3.289002544884E-01
3.817347883115E-01
3.866090716183E-01
4.038475839776E-01
4.148127609689E-01
4.343878803554E-01
4.350958553121E-01
4.695419018386E-01
4.697504857807E-01
4.699008752261E-01
4.784069384954E-01
4.859122397694E-01
4.978344486034E-01
5.031611097220E-01
5.256945065621E-01
5.325261628912E-01
5.667759683109E-01
5.721846160905E-01
5.785478144022E-01
6.158424965473E-01
6.489688950186E-01
6.518269863625E-01
6.544105277331E-01
6.586809590515E-01
6.683383197088E-01
6.930013498050E-01
7.034950663451E-01
7.308247521179E-01
7.784544149456E-01
1.793663480634E-02
1.852881983855E-02
2.458291086324E-02
2.533712081495E-02
4.291597147027E-02
5.035156184723E-02
5.859809115569E-02
7.467669414187E-02
8.979731838046E-02
1.274415346946E-01
1.377122092624E-01
1.696512945331E-01
1.702497965123E-01
1.775390999028E-01
1.826707586279E-01
2.059240364024E-01
2.060033586799E-01
2.612260579844E-01
2.749694166476E-01
2.797664087170E-01
3.211897744629E-01
3.217458632654E-01
3.689539075367E-01
3.814645406231E-01
3.886854201235E-01
4.020235044527E-01
4.124682789858E-01
4.213849077184E-01
4.396634270582E-01
4.538226746985E-01
4.690836693018E-01
4.768051441093E-01
4.784998789717E-01
4.943450786964E-01
5.122180028184E-01
5.174961359243E-01
5.422632534026E-01
5.540233374951E-01
5.783045272347E-01
5.981307899118E-01
6.092738053560E-01
6.150686365412E-01
6.492805184040E-01
6.608142937901E-01
6.733701085644E-01
6.741363657406E-01
6.860236052052E-01
6.924578548668E-01
7.101720452973E-01
7.416563021190E-01
1.612371214255E-02
1.845184233321E-02
3.123631117635E-02
3.566933395012E-02
4.291597147027E-02
4.457654147367E-02
4.464942465516E-02
1.035955326143E-01
1.287980333096E-01
1.353281773100E-01
1.437134320442E-01
1.468994456400E-01
1.671670799244E-01
1.982230957662E-01
2.487736503466E-01
2.647240602221E-01
2.741264457657E-01
2.806434851238E-01
3.076698241658E-01
3.461082573581E-01
3.738523720777E-01
3.852396132086E-01
3.969420182567E-01
4.141345162237E-01
4.221564666410E-01
4.786468947738E-01
4.892692081019E-01
5.064355440235E-01
5.107017607272E-01
5.166423474419E-01
5.247384884266E-01
5.465995491555E-01
6.044781254434E-01
6.092119979359E-01
6.184605457422E-01
6.243605099441E-01
6.436860787239E-01
6.743336532161E-01
7.099525007982E-01
7.141494525519E-01
7.235572043152E-01
7.342297678845E-01
7.359985719813E-01
7.426918126898E-01
7.564515240735E-01
7.631239238559E-01
7.637900568192E-01
7.759008197232E-01
8.020370882956E-01
8.546925481377E-01
2.161520319554E-02
3.070675006551E-02
4.116222235033E-02
4.464942465516E-02
4.681484898969E-02
5.035156184723E-02
5.589597329355E-02
7.984965731264E-02
8.995088842502E-02
1.271085982956E-01
1.514926850779E-01
1.518344525246E-01
1.840801267836E-01
2.787764547390E-01
3.350310820745E-01
3.711020405088E-01
3.752497782286E-01
3.972199126679E-01
4.462221021295E-01
4.529750096244E-01
4.564226300955E-01
4.781273711962E-01
4.885793103739E-01
5.098495701917E-01
5.463832807133E-01
5.904043807261E-01
6.009026205774E-01
6.038702416119E-01
6.085217476601E-01
6.126442997048E-01
6.317189929761E-01
6.446884084386E-01
6.548263417807E-01
6.781843065988E-01
6.968065869229E-01
7.189459051883E-01
7.222574089770E-01
7.273551073131E-01
7.600145300842E-01
7.761706124901E-01
8.036459316066E-01
8.072321139385E-01
8.127867723125E-01
8.387203205288E-01
8.398319795456E-01
8.508734716485E-01
8.712761780897E-01
9.382027301031E-01
9.553975971299E-01
9.623779774676E-01
3.465016073683E-02
5.972096410027E-02
1.128360027727E-01
1.674006158877E-01
1.759596366178E-01
1.779531984108E-01
1.848408736905E-01
1.950706486826E-01
2.198304448867E-01
2.240194549797E-01
3.072385295076E-01
3.092130390171E-01
3.825819585802E-01
3.911208213523E-01
4.068224459965E-01
4.085899350356E-01
4.247123257670E-01
4.265551309418E-01
4.649420097619E-01
4.695473251166E-01
4.759836590352E-01
4.968385892472E-01
5.078079816013E-01
5.205791212633E-01
5.382500072335E-01
5.405225750396E-01
5.667759683109E-01
5.702269527549E-01
5.711985192377E-01
5.783045272347E-01
5.789146323701E-01
6.044781254434E-01
6.087028181680E-01
6.174495206745E-01
6.226221574327E-01
6.243202176277E-01
6.607334997712E-01
6.629557981212E-01
6.997652756826E-01
7.149896920460E-01
7.418165191617E-01
7.452881317110E-01
7.830139258192E-01
8.018199801920E-01
8.093130415801E-01
8.127867723125E-01
8.242708487263E-01
9.071076274996E-01
9.077032993131E-01
9.130042999299E-01
1.128360027727E-01
1.328948508403E-01
2.070879745172E-01
2.356892036080E-01
3.396164610326E-01
3.700500530564E-01
3.983908061059E-01
4.028263171229E-01
4.851339434042E-01
5.153524968347E-01
5.732212544147E-01
5.745689721332E-01
6.675739499231E-01
6.730450348200E-01
6.733819323461E-01
6.883039026102E-01
7.046139513538E-01
7.379543226700E-01
7.549532679337E-01
7.615951122155E-01
7.685815306213E-01
7.759151932820E-01
8.290275334143E-01
8.908954405067E-01
8.922126508767E-01
9.140251011036E-01
9.385051284607E-01
9.433350186877E-01
9.835339590029E-01
1.004865876832E+00
1.018799891306E+00
1.050155286077E+00
1.054437517467E+00
1.085633036438E+00
1.089164638674E+00
1.089772920649E+00
1.095910743427E+00
1.096308924967E+00
1.098617963410E+00
1.155788362291E+00
1.161327506738E+00
1.198734034057E+00
1.205076333731E+00
1.218382865783E+00
1.225819662478E+00
1.266060409749E+00
1.280499047121E+00
1.335762808824E+00
1.380354907044E+00
1.413292451067E+00
5.972096410027E-02
1.101378528780E-01
1.162595893178E-01
1.229555075444E-01
1.243067560619E-01
1.371474282754E-01
1.955865942893E-01
2.097343838324E-01
2.353417104653E-01
2.356892036080E-01
2.359446022981E-01
2.512459085453E-01
2.670245580419E-01
2.961257908769E-01
2.968923649085E-01
3.156932341640E-01
3.284770301286E-01
3.426122941795E-01
4.141491183843E-01
4.170813498830E-01
4.281487983631E-01
4.301718959568E-01
4.408632559829E-01
4.431055818914E-01
4.593825028623E-01
4.676119525869E-01
4.768051441093E-01
4.784069384954E-01
4.881760786508E-01
4.961220524083E-01
5.008332720382E-01
5.247384884266E-01
5.500914907628E-01
5.514862828766E-01
5.566669487131E-01
5.595975400005E-01
5.676408838988E-01
5.790595426308E-01
5.924785907797E-01
6.100190191562E-01
6.289311690803E-01
6.608826885614E-01
6.660163628265E-01
6.881242791502E-01
7.189459051883E-01
7.294751931959E-01
7.325159200033E-01
7.664512520068E-01
7.708139419552E-01
8.398879970491E-01
3.465016073683E-02
1.175166578517E-01
1.243067560619E-01
1.328948508403E-01
1.457306285758E-01
1.551211066692E-01
1.868827104997E-01
1.975202188207E-01
2.252642374972E-01
2.289499806908E-01
2.551702345435E-01
3.092859972326E-01
3.760069940259E-01
3.799353178000E-01
3.879413257925E-01
3.939063820590E-01
4.081924920071E-01
4.199467611902E-01
4.373664070746E-01
4.385585530193E-01
4.469318313327E-01
4.795748804716E-01
4.879183268952E-01
4.935261190264E-01
5.207895727664E-01
5.294214643255E-01
5.575745388205E-01
5.843808533319E-01
5.898766448676E-01
6.052127267393E-01
6.088435122718E-01
6.150686365412E-01
6.158424965473E-01
6.288286577028E-01
6.353107941325E-01
6.424959365764E-01
6.436860787239E-01
6.752955916546E-01
6.838020770955E-01
6.858641639744E-01
7.080955430392E-01
7.245505944875E-01
7.518116381453E-01
7.851847487925E-01
7.927799585850E-01
8.254259186338E-01
8.541022253123E-01
8.712761780897E-01
8.940876903043E-01
8.975844783803E-01
1.234503184406E-02
2.060973933503E-02
3.146562745114E-02
9.419773451462E-01
1.147599030283E+00
1.163968584654E+00
1.231122833599E+00
1.284701092359E+00
1.315620635397E+00
1.358665436464E+00
1.380353277147E+00
1.382791099972E+00
1.388772589701E+00
1.397943725719E+00
1.428540830235E+00
1.465253238164E+00
1.467000936666E+00
1.479612218630E+00
1.497001069812E+00
1.500148988481E+00
1.501726979971E+00
1.502203229922E+00
1.505023731980E+00
1.506014903135E+00
1.508844165229E+00
1.554532847548E+00
1.563247835275E+00
1.567602682315E+00
1.573632384720E+00
1.613126145936E+00
1.614424929372E+00
1.623074512574E+00
1.634603157938E+00
1.648278483660E+00
1.653543401556E+00
1.655934105712E+00
1.667020107815E+00
1.688273715446E+00
1.703495066221E+00
1.707886477712E+00
1.718808288044E+00
1.726944703538E+00
1.727019116349E+00
1.761948037864E+00
1.771986908024E+00
1.776696240590E+00
1.810364258392E+00
1.814405253476E+00
1.832000696989E+00
1.832529201753E+00
2.060973933503E-02
2.097456294313E-02
2.791547700070E-02
1.038453462679E+00
1.197402560079E+00
1.225081269795E+00
1.339045714531E+00
1.385020944424E+00
1.400463644992E+00
1.455019763153E+00
1.456081364083E+00
1.481882516036E+00
1.498969753072E+00
1.547702003422E+00
1.565962042319E+00
1.588056801622E+00
1.596118390749E+00
1.597571658722E+00
1.598890823881E+00
1.608215049481E+00
1.613569959680E+00
1.614645907945E+00
1.622178718144E+00
1.629270102338E+00
1.642201300967E+00
1.673389670905E+00
1.694089124439E+00
1.696524938695E+00
1.701134548474E+00
1.704420918158E+00
1.733150798453E+00
1.744109709083E+00
1.749220766915E+00
1.749667939370E+00
1.760142571930E+00
1.767145298260E+00
1.788689303223E+00
1.795429575080E+00
1.800442210407E+00
1.809230727034E+00
1.816278095818E+00
1.830732184723E+00
1.849261611345E+00
1.863948615478E+00
1.876047567798E+00
1.881919940948E+00
1.911972392391E+00
1.923012158417E+00
1.937521450232E+00
1.944777205200E+00
2.097456294313E-02
2.278372376549E-02
3.146562745114E-02
1.120662047828E+00
1.277250216839E+00
1.279381289216E+00
1.434857669211E+00
1.468484115124E+00
1.472285752641E+00
1.497809005903E+00
1.554916286030E+00
1.557676225636E+00
1.571517404348E+00
1.637072709467E+00
1.650172351986E+00
1.650705700409E+00
1.652646379340E+00
1.698608911368E+00
1.702818496388E+00
1.704220037645E+00
1.707581786391E+00
1.709415252910E+00
1.719611507437E+00
1.729986249373E+00
1.741102868011E+00
1.764107578533E+00
1.790618721776E+00
1.792963253936E+00
1.831931838640E+00
1.834300244947E+00
1.844444348468E+00
1.863440575837E+00
1.863625688070E+00
1.873910106883E+00
1.878866344133E+00
1.882235312102E+00
1.890948004787E+00
1.935082425706E+00
1.944848528383E+00
1.947230713464E+00
1.954980331830E+00
1.956787656280E+00
1.978335688266E+00
1.988830304895E+00
2.012879154285E+00
2.013193085917E+00
2.014622281935E+00
2.026454393252E+00
2.033429772700E+00
2.035440192394E+00
1.234503184406E-02
2.278372376549E-02
2.791547700070E-02
9.917845719886E-01
1.198081829843E+00
1.220133489196E+00
1.320593608210E+00
1.342473811840E+00
1.391692739412E+00
1.416879597514E+00
1.417148671345E+00
1.435133151299E+00
1.446412112486E+00
1.465500529967E+00
1.488026257322E+00
1.509554906391E+00
1.533518050030E+00
1.541920985094E+00
1.542653369549E+00
1.565641958114E+00
1.565781375978E+00
1.570915450017E+00
1.578195459665E+00
1.588233746488E+00
1.593330501128E+00
1.613998881357E+00
1.643308877198E+00
1.660170801435E+00
1.664272269834E+00
1.668224456491E+00
1.679778473744E+00
1.683929544541E+00
1.690222466425E+00
1.722367018420E+00
1.727367776386E+00
1.729678578471E+00
1.732133266320E+00
1.739576084344E+00
1.751539316924E+00
1.770217206358E+00
1.773362665579E+00
1.786905967496E+00
1.794143249710E+00
1.803650891475E+00
1.837469674806E+00
1.849964743513E+00
1.887869821729E+00
1.898063155928E+00
1.915465815583E+00
1.921310687816E+00
8.575111265697E-03
2.161520319554E-02
2.336565722907E-02
2.533712081495E-02
3.177962208060E-02
3.566933395012E-02
3.928794026124E-02
6.805489304164E-02
1.185274340241E-01
1.461381387049E-01
1.810098656620E-01
1.815545537205E-01
1.951211840573E-01
2.205907560120E-01
2.593604848457E-01
2.613727346063E-01
2.804202680526E-01
3.267534997067E-01
3.509244981030E-01
3.535643701734E-01
3.845047399627E-01
3.943503935471E-01
4.418348473135E-01
4.556792641614E-01
4.734323134145E-01
4.807278938926E-01
4.854241749550E-01
4.966849980650E-01
5.029893026791E-01
5.424354918521E-01
5.465992802683E-01
5.500914907628E-01
5.517948857834E-01
5.587206113403E-01
5.685837403259E-01
6.027619041862E-01
6.043483512971E-01
6.226221574327E-01
6.231965817667E-01
6.424605819027E-01
6.752955916546E-01
7.080426800284E-01
7.198485669051E-01
7.399204833736E-01
7.498367721886E-01
7.628875109270E-01
7.678789522202E-01
7.816965868526E-01
7.859590656867E-01
7.916208570083E-01
6.611373801466E-01
7.012066568761E-01
7.047425517165E-01
7.223467366165E-01
7.273551073131E-01
7.416563021190E-01
7.511446421356E-01
7.628875109270E-01
7.759008197232E-01
7.927042272220E-01
8.051178751380E-01
8.426470988648E-01
8.543829039487E-01
8.939832321801E-01
9.597851796740E-01
9.641394591159E-01
1.096172746907E+00
1.199562798255E+00
1.262499439292E+00
1.269150317882E+00
1.327554054393E+00
1.328587471900E+00
1.331614307136E+00
1.342019986137E+00
1.348211120961E+00
1.355319603190E+00
1.391076816742E+00
1.425650747652E+00
1.438255933937E+00
1.457225293051E+00
1.461231774201E+00
1.487718819675E+00
1.507278502336E+00
1.598217137702E+00
1.602068178423E+00
1.626618611561E+00
1.640305788144E+00
1.658430495132E+00
1.694496163316E+00
1.708547818875E+00
1.712642140476E+00
1.731045123809E+00
1.784666121659E+00
1.795824284528E+00
1.824042521781E+00
1.854940544076E+00
1.911224497124E+00
1.974646050473E+00
1.982285304864E+00
1.982421336407E+00
1.845184233321E-02
3.384094124503E-02
3.928794026124E-02
4.045202554143E-02
5.589597329355E-02
5.859809115569E-02
7.648085393580E-02
1.383624927956E-01
1.405119083201E-01
1.440712288784E-01
1.670280868088E-01
1.761155314069E-01
1.936874302343E-01
2.582965453198E-01
3.000358890839E-01
3.009935959648E-01
3.230197669787E-01
3.284601766848E-01
3.625543439772E-01
3.948313395076E-01
4.100112565521E-01
4.121236952819E-01
4.435883013659E-01
4.848846455309E-01
4.881012573429E-01
5.158313636510E-01
5.328354863697E-01
5.674203105463E-01
5.676408838988E-01
5.990228699682E-01
6.101729224468E-01
6.115543355581E-01
6.199949655003E-01
6.286681524595E-01
6.299017632570E-01
6.386606208489E-01
6.408018734924E-01
6.500838825289E-01
6.607334997712E-01
6.704985029957E-01
6.786390626058E-01
6.919267872254E-01
7.080955430392E-01
7.338966813623E-01
7.383728401539E-01
7.511446421356E-01
7.733666285325E-01
8.434566568297E-01
8.929679881019E-01
8.956128039636E-01
1.186884427159E-02
2.458291086324E-02
3.177962208060E-02
3.732086103528E-02
4.457654147367E-02
4.681484898969E-02
7.648085393580E-02
9.010812402445E-02
9.429451644350E-02
1.276334452324E-01
1.373237523688E-01
1.646880250183E-01
1.686477411069E-01
1.785364264405E-01
1.822922063398E-01
1.891907665727E-01
1.898266295256E-01
2.434467326569E-01
2.601463395517E-01
2.745708072083E-01
2.797406655294E-01
2.988822978951E-01
3.615045386499E-01
3.685305264971E-01
3.855399418509E-01
4.022432937386E-01
4.051482006887E-01
4.089444068719E-01
4.213291826414E-01
4.408632559829E-01
4.499669499724E-01
4.577699826876E-01
4.583188617947E-01
4.722535999910E-01
4.733946912260E-01
4.836511579027E-01
5.382500072335E-01
5.739586082200E-01
5.793397127525E-01
5.795243403940E-01
5.857098141581E-01
5.898766448676E-01
6.032895331800E-01
6.644627264251E-01
6.709258722942E-01
6.725520255178E-01
7.099452656665E-01
7.145186196794E-01
7.197869749676E-01
7.551807520075E-01
6.758096691565E-02
6.805489304164E-02
7.984965731264E-02
8.979731838046E-02
9.010812402445E-02
1.233558308212E-01
1.405119083201E-01
1.408610057634E-01
1.468994456400E-01
1.549448358913E-01
1.828905564511E-01
2.252395547040E-01
2.524705923864E-01
2.922903309256E-01
2.980944194484E-01
3.346811778661E-01
3.605719409564E-01
3.800970133744E-01
3.850328415429E-01
4.066285241885E-01
4.193403896272E-01
4.269538082545E-01
4.532834180682E-01
4.662906377117E-01
4.743770941956E-01
4.830619384530E-01
4.835842867986E-01
4.906142044494E-01
4.977666805147E-01
5.159941180832E-01
5.249116273636E-01
5.498960250026E-01
6.089690841994E-01
6.132152146697E-01
6.215344840578E-01
6.349856357721E-01
6.401491391786E-01
6.472589938204E-01
6.738619671051E-01
6.943321530004E-01
7.078809647745E-01
7.085939188207E-01
7.296518132288E-01
7.325159200033E-01
7.499952630978E-01
7.863248480998E-01
8.021083774356E-01
8.051178751380E-01
8.242708487263E-01
8.254259186338E-01
1.079233081760E-01
1.190318145751E-01
6.472589938204E-01
8.514773110011E-01
8.618908383804E-01
8.625047997612E-01
9.168257035815E-01
9.213609494443E-01
9.623779774676E-01
9.948125871948E-01
9.951784386034E-01
9.982577578871E-01
1.003535041864E+00
1.016722021735E+00
1.026889021582E+00
1.032776677886E+00
1.045494115523E+00
1.063690794491E+00
1.066733616950E+00
1.066842205285E+00
1.067101644932E+00
1.076386065520E+00
1.097653727949E+00
1.099414126969E+00
1.102067947158E+00
1.114208754192E+00
1.115741888191E+00
1.147599030283E+00
1.161145847558E+00
1.164423517241E+00
1.173440331942E+00
1.178982287454E+00
1.180561781966E+00
1.198081829843E+00
1.205419709054E+00
1.225081269795E+00
1.226403703528E+00
1.243256394006E+00
1.271962500207E+00
1.279381289216E+00
1.309488596455E+00
1.324351988655E+00
1.331600572514E+00
1.336047668606E+00
1.347260048505E+00
1.368480801352E+00
1.375514539619E+00
1.408297848924E+00
1.439109358860E+00
1.455586735767E+00
1.573976705577E-02
4.555630885436E-02
1.031231092462E-01
1.101378528780E-01
1.209374290433E-01
1.212409352208E-01
1.590986573888E-01
1.673170489404E-01
1.759596366178E-01
1.788689841130E-01
1.795502868471E-01
1.868827104997E-01
1.891907665727E-01
2.060033586799E-01
2.187230430715E-01
2.205955908083E-01
2.240808308567E-01
2.354246038098E-01
2.487736503466E-01
2.592106074178E-01
2.713492841404E-01
2.752939614355E-01
2.804202680526E-01
2.839918956545E-01
2.845267621193E-01
2.876614506575E-01
2.918373992999E-01
3.000358890839E-01
3.223462698378E-01
3.254676460424E-01
3.268582485869E-01
3.448169357615E-01
3.506610029009E-01
3.801825993738E-01
3.850328415429E-01
3.968399469665E-01
3.970493827064E-01
3.972199126679E-01
4.003838179719E-01
4.193321860587E-01
4.314905840543E-01
4.315696187352E-01
4.574015143381E-01
4.662421654307E-01
4.783804937807E-01
4.800811052863E-01
5.153524968347E-01
5.190894715217E-01
5.357535191183E-01
5.759218323463E-01
1.573976705577E-02
4.040639040200E-02
1.371474282754E-01
1.398956758262E-01
1.457306285758E-01
1.458770584492E-01
1.546806434525E-01
1.608453326188E-01
1.674006158877E-01
1.782545572382E-01
1.858119997301E-01
2.179325748375E-01
2.417733694017E-01
2.434467326569E-01
2.449656996303E-01
2.527273818215E-01
2.530183245153E-01
2.612260579844E-01
2.692587519950E-01
2.746968413896E-01
2.806434851238E-01
2.807711618706E-01
2.815699723413E-01
2.962466610586E-01
2.981600619569E-01
3.261337662473E-01
3.267534997067E-01
3.284601766848E-01
3.401282738317E-01
3.507961254815E-01
3.529198679409E-01
3.567801559435E-01
3.674323139440E-01
3.791337676542E-01
4.005404887069E-01
4.193403896272E-01
4.280412516561E-01
4.515985203140E-01
4.564226300955E-01
4.629000183799E-01
4.786852902586E-01
4.850333264336E-01
4.851339434042E-01
4.959539099199E-01
5.129236236202E-01
5.133669992924E-01
5.315136280020E-01
5.415732625198E-01
5.772583744862E-01
5.850273737118E-01
1.059946308841E+00
1.281119696699E+00
1.479634701617E+00
1.488554239041E+00
1.493013914230E+00
1.579700830219E+00
1.648979862926E+00
1.680448516079E+00
1.681063813205E+00
1.707950702274E+00
1.709053558226E+00
1.746429482575E+00
1.775186486174E+00
1.792693132984E+00
1.800945860469E+00
1.838547428864E+00
1.864736088529E+00
1.877410238191E+00
1.877751649597E+00
1.879498645152E+00
1.886787333195E+00
1.897542226977E+00
1.899901701133E+00
1.905055916224E+00
1.911929563353E+00
1.913201521685E+00
1.917193309890E+00
1.931162279543E+00
1.939839769226E+00
1.981046777959E+00
1.981726475780E+00
1.989726221765E+00
2.005760739550E+00
2.008310251652E+00
2.022930747794E+00
2.027688589407E+00
2.041518200496E+00
2.048626131809E+00
2.051408057419E+00
2.054262610025E+00
2.063467464849E+00
2.065255636996E+00
2.067975479609E+00
2.097121510253E+00
2.121220228237E+00
2.155172715712E+00
2.166638954683E+00
2.189042383739E+00
2.195108497852E+00
2.222301317902E+00
4.942289869504E-02
5.439602761008E-02
9.906152087552E-02
1.281450133954E-01
1.513860142378E-01
1.548818428990E-01
1.576860795362E-01
1.590986573888E-01
1.775390999028E-01
1.822922063398E-01
1.835210796895E-01
1.959502503436E-01
2.012210236414E-01
2.067100583112E-01
2.099694625187E-01
2.120450620006E-01
2.179325748375E-01
2.180497375952E-01
2.332968401447E-01
2.457835794477E-01
2.575901694780E-01
2.593604848457E-01
2.594429581051E-01
2.741264457657E-01
2.896357430347E-01
2.961257908769E-01
3.010552251109E-01
3.019660388524E-01
3.230197669787E-01
3.346811778661E-01
3.350310820745E-01
3.494315845815E-01
3.539175459735E-01
3.854466320955E-01
3.922235172361E-01
4.051327322611E-01
4.080398628211E-01
4.085899350356E-01
4.193129358263E-01
4.230930940475E-01
4.283312164288E-01
4.373664070746E-01
4.527122074812E-01
4.580400004779E-01
4.796964170947E-01
4.864700212407E-01
4.866522991053E-01
5.374921604832E-01
5.552113344540E-01
5.596100725122E-01
2.261376533723E-01
2.442825331905E-01
2.770323052230E-01
3.539862182334E-01
4.100570000987E-01
4.341145371002E-01
4.489802258576E-01
4.778463817963E-01
4.824579467812E-01
4.866522991053E-01
4.904075505965E-01
4.976500422833E-01
5.775095818197E-01
5.796685073228E-01
5.863739272385E-01
5.977056673659E-01
6.658472705446E-01
6.691136715068E-01
6.714441296966E-01
7.049989953884E-01
7.807017038718E-01
7.811701736933E-01
7.943020765185E-01
8.597023028786E-01
8.825221828918E-01
8.978846774608E-01
9.066527976643E-01
9.070955738613E-01
9.300022349400E-01
9.306596893596E-01
9.328501285477E-01
9.691997423224E-01
1.004245800784E+00
1.027685879306E+00
1.036635616945E+00
1.037685661998E+00
1.040698060963E+00
1.054894076092E+00
1.056350495813E+00
1.070617524306E+00
1.081166783872E+00
1.091325280150E+00
1.108927127861E+00
1.140970703307E+00
1.149698971204E+00
1.159133754532E+00
1.207228494347E+00
1.259203424552E+00
1.266060409749E+00
1.300525918150E+00
1.151490840185E-01
1.165845179273E-01
1.281450133954E-01
1.405372067782E-01
1.476868598039E-01
2.314253120422E-01
2.485635053351E-01
2.520004463483E-01
2.713492841404E-01
2.714809649771E-01
2.770323052230E-01
2.839203975036E-01
2.968923649085E-01
3.229618728357E-01
3.342546153409E-01
3.342631022728E-01
3.505012598973E-01
3.507961254815E-01
3.743192018563E-01
3.804146077224E-01
4.037025421543E-01
4.183028253047E-01
4.247123257670E-01
4.294046596388E-01
4.298310361435E-01
4.350002941740E-01
4.416640236847E-01
4.499669499724E-01
4.691260967684E-01
4.795748804716E-01
4.884566171110E-01
4.900745293938E-01
4.939420289453E-01
5.122180028184E-01
5.148210600641E-01
5.256945065621E-01
5.593231212828E-01
5.692930113480E-01
5.975330514022E-01
6.229120503422E-01
6.231965817667E-01
6.243605099441E-01
6.769168501233E-01
6.887446776393E-01
6.997469422671E-01
7.046139513538E-01
7.182122566421E-01
7.222574089770E-01
7.227169033909E-01
7.296518132288E-01
1.860112059387E-01
2.442825331905E-01
2.615108406429E-01
3.256150671900E-01
4.760122579436E-01
5.216122675190E-01
6.769168501233E-01
6.941409966864E-01
8.448414592823E-01
8.593295649526E-01
9.282871037808E-01
9.537545112455E-01
9.667671819299E-01
9.837712136037E-01
1.020657222877E+00
1.034852262492E+00
1.082173850425E+00
1.097787778089E+00
1.135741280927E+00
1.142537118309E+00
1.168896601013E+00
1.215586184924E+00
1.222319677268E+00
1.280828459128E+00
1.380731183402E+00
1.399922875732E+00
1.414925243255E+00
1.421509095704E+00
1.437293714224E+00
1.440542834562E+00
1.443252035561E+00
1.448148737104E+00
1.482622361902E+00
1.519011532636E+00
1.533814128440E+00
1.554517990372E+00
1.574899896901E+00
1.601341295689E+00
1.615009141857E+00
1.680697890521E+00
1.682197937373E+00
1.682953472355E+00
1.702435647659E+00
1.706667221542E+00
1.723608034297E+00
1.740907914336E+00
1.746628987909E+00
1.765414466955E+00
1.779456614735E+00
1.781324436112E+00
1.861044254931E-02
1.574567489765E-01
2.038273069825E-01
2.171987948652E-01
2.304068027374E-01
2.429142212609E-01
2.457835794477E-01
2.461910151110E-01
2.470142185116E-01
2.530183245153E-01
2.592106074178E-01
2.612350160243E-01
2.964332462200E-01
2.967796469804E-01
3.026006679239E-01
3.461699140629E-01
3.590982272314E-01
3.603486943222E-01
3.678051609001E-01
3.760069940259E-01
3.886854201235E-01
4.027049985701E-01
4.089444068719E-01
4.141491183843E-01
4.294046596388E-01
4.343878803554E-01
4.367232092724E-01
4.649420097619E-01
4.669478767665E-01
4.830619384530E-01
4.892692081019E-01
4.966849980650E-01
5.097273402226E-01
5.262444268655E-01
5.298715086013E-01
5.335706405547E-01
5.571924804078E-01
5.587933897402E-01
5.626144312563E-01
5.674203105463E-01
6.020230681292E-01
6.038702416119E-01
6.421183056104E-01
6.490943650786E-01
6.730450348200E-01
6.768977871972E-01
6.843725075161E-01
6.989840739891E-01
8.208053658113E-01
8.443507842796E-01
1.861044254931E-02
2.034752305868E-01
2.211610791613E-01
2.257440019189E-01
2.332968401447E-01
2.371066601748E-01
2.455858057989E-01
2.479518525827E-01
2.565495128735E-01
2.792981128923E-01
2.876614506575E-01
2.981600619569E-01
3.180207121248E-01
3.227785470088E-01
3.702218987576E-01
3.719212682355E-01
3.745277364075E-01
3.814645406231E-01
3.890661528184E-01
3.939063820590E-01
3.973096763813E-01
4.037025421543E-01
4.051482006887E-01
4.106649731028E-01
4.350312023118E-01
4.350958553121E-01
4.431055818914E-01
4.690885130104E-01
4.695473251166E-01
4.699658944809E-01
4.835842867986E-01
4.854241749550E-01
4.894933906993E-01
5.002780607022E-01
5.064355440235E-01
5.155465365661E-01
5.523606313415E-01
5.660632261120E-01
5.666978486768E-01
5.865563011679E-01
5.904043807261E-01
5.990228699682E-01
6.160022830809E-01
6.322448426850E-01
6.367376530287E-01
6.733819323461E-01
7.712648036726E-01
7.943020765185E-01
8.173270896934E-01
8.178239354928E-01
1.079233081760E-01
1.146004402085E-01
3.800970133744E-01
5.325261628912E-01
5.424354918521E-01
5.604766770912E-01
5.739586082200E-01
5.825266196469E-01
5.981307899118E-01
6.317189929761E-01
6.786390626058E-01
6.796073803328E-01
6.855394784388E-01
6.885963324267E-01
6.978354980103E-01
7.090284219416E-01
7.289608116011E-01
7.367384785618E-01
7.564515240735E-01
7.580275666480E-01
7.705735499809E-01
7.816323751246E-01
7.952070528042E-01
7.954771706399E-01
8.022847892586E-01
8.100543091572E-01
8.223123300187E-01
8.276600441872E-01
8.360219954848E-01
8.419116013320E-01
8.614527173416E-01
8.715254753088E-01
8.983246039164E-01
9.786164726376E-01
9.809331897246E-01
9.930924996066E-01
9.958115942940E-01
1.010964055355E+00
1.018049408087E+00
1.019445886794E+00
1.057785825271E+00
1.074216536493E+00
1.081641467060E+00
1.118632605143E+00
1.125205484380E+00
1.125594971864E+00
1.131237584417E+00
1.133444011134E+00
1.143812513613E+00
1.154858640384E+00
1.146004402085E-01
1.190318145751E-01
3.605719409564E-01
4.695419018386E-01
4.722535999910E-01
5.029893026791E-01
5.077506928558E-01
5.315765934247E-01
5.403703057160E-01
5.422632534026E-01
5.552113344540E-01
5.789868392682E-01
5.816266130339E-01
6.009026205774E-01
6.239404381751E-01
6.257784346278E-01
6.381133795101E-01
6.496515626475E-01
6.515627160563E-01
6.596963492081E-01
6.619102059958E-01
6.815947277081E-01
6.850120948630E-01
6.881637355473E-01
6.919267872254E-01
6.986433386320E-01
7.182122566421E-01
7.235572043152E-01
7.289682621736E-01
7.392966526534E-01
7.472239511455E-01
7.599364927356E-01
7.624677669930E-01
7.664512520068E-01
7.696703089233E-01
8.126295718389E-01
8.267723590888E-01
8.410839274716E-01
8.421647223237E-01
8.452988157348E-01
8.494990764787E-01
8.729891280975E-01
8.844812702750E-01
8.848416088014E-01
9.130042999299E-01
9.321987187026E-01
9.369252597987E-01
9.419773451462E-01
9.770048711481E-01
9.917845719886E-01
9.042290413625E-02
1.054550074704E-01
1.104613461732E-01
1.801379727550E-01
1.804354172436E-01
1.937612607414E-01
2.485635053351E-01
2.516040359776E-01
3.268582485869E-01
3.529198679409E-01
3.548592085193E-01
3.693966456914E-01
3.709489227897E-01
3.845326590162E-01
3.854466320955E-01
3.941490911931E-01
4.281487983631E-01
4.367857925045E-01
4.635653205087E-01
4.911144975267E-01
4.935261190264E-01
5.205791212633E-01
5.523606313415E-01
5.571924804078E-01
6.080770649299E-01
6.127500144306E-01
6.190491295677E-01
6.440840692026E-01
6.543240142153E-01
6.731713741795E-01
6.813083583611E-01
7.049989953884E-01
7.074381406928E-01
7.145186196794E-01
7.163930802564E-01
7.226867364228E-01
7.440276325609E-01
7.472239511455E-01
7.784544149456E-01
7.794565662143E-01
7.830631962917E-01
7.925659813964E-01
8.016180908613E-01
8.029149271956E-01
8.156182598201E-01
8.290275334143E-01
8.296871112149E-01
8.611690347941E-01
8.848340865921E-01
8.869427143600E-01
1.551882168498E-02
2.027271663329E-02
1.151087386165E-01
1.271085982956E-01
1.353281773100E-01
1.440401717586E-01
1.548364542516E-01
1.670280868088E-01
1.696512945331E-01
1.703982738086E-01
1.785364264405E-01
1.810098656620E-01
2.252395547040E-01
2.692327664758E-01
3.392167558425E-01
3.828263640929E-01
4.221512684204E-01
4.283312164288E-01
4.614983701054E-01
5.166361741702E-01
5.190894715217E-01
5.415732625198E-01
5.422834611733E-01
5.506742609765E-01
5.626144312563E-01
5.660632261120E-01
5.766102201176E-01
5.909361799265E-01
6.270132760797E-01
6.537342584728E-01
6.611373801466E-01
7.102051366556E-01
7.224583311648E-01
7.413870275318E-01
7.546403101912E-01
7.874909599503E-01
8.146736292041E-01
8.597468803992E-01
8.705186995910E-01
8.878761778684E-01
9.079608636662E-01
9.121336199704E-01
9.122076041100E-01
9.259387535783E-01
1.017346733074E+00
1.019572032658E+00
1.063842136093E+00
1.070015905722E+00
1.070824156535E+00
1.091130758008E+00
2.027271663329E-02
3.991568258219E-02
1.395203958123E-01
1.437134320442E-01
1.455695254920E-01
1.514926850779E-01
1.556442799265E-01
1.646880250183E-01
1.692382530239E-01
1.826707586279E-01
1.920824402982E-01
1.936874302343E-01
1.951211840573E-01
2.524705923864E-01
2.736347583652E-01
2.981236739267E-01
3.284970034712E-01
3.539175459735E-01
4.220599906793E-01
4.257392414222E-01
4.533638238453E-01
4.571215310837E-01
4.574015143381E-01
4.669478767665E-01
4.690885130104E-01
4.786852902586E-01
4.869218138346E-01
5.510949864965E-01
5.697441994393E-01
6.078856908784E-01
6.240035477951E-01
6.393114097941E-01
6.710903491783E-01
7.081053695938E-01
7.227169033909E-01
7.530607642027E-01
7.708139419552E-01
7.927799585850E-01
8.018199801920E-01
8.388769612705E-01
8.426470988648E-01
9.175508276741E-01
9.202477603136E-01
9.270667844089E-01
9.298784187935E-01
9.653506358338E-01
9.770048711481E-01
1.046946368083E+00
1.073367230273E+00
1.095118171878E+00
1.612371214255E-02
1.793663480634E-02
2.312524111175E-02
2.336565722907E-02
3.384094124503E-02
3.732086103528E-02
4.116222235033E-02
8.172804869731E-02
1.076556199149E-01
1.233558308212E-01
1.285618330171E-01
1.440401717586E-01
1.556442799265E-01
1.799598783624E-01
2.180497375952E-01
2.354246038098E-01
2.440535690006E-01
2.815699723413E-01
2.822715061475E-01
3.026678504803E-01
3.366435743210E-01
3.383299066130E-01
3.419339647432E-01
3.734327238436E-01
4.261711984999E-01
4.350312023118E-01
4.367232092724E-01
4.470732836914E-01
4.544760074179E-01
4.607153984434E-01
4.881760786508E-01
5.350763057363E-01
5.593231212828E-01
5.656186627258E-01
5.711985192377E-01
5.720700702243E-01
5.892683698025E-01
6.088435122718E-01
6.496515626475E-01
6.625913307967E-01
6.775062994871E-01
6.806090117561E-01
6.914307289889E-01
6.978354980103E-01
7.116128806311E-01
7.223467366165E-01
7.306029104856E-01
7.306510191073E-01
7.452086330458E-01
7.462009031502E-01
1.551882168498E-02
3.991568258219E-02
8.995088842502E-02
9.313856316154E-02
1.035955326143E-01
1.076556199149E-01
1.347129527610E-01
1.364816307544E-01
1.373237523688E-01
1.377122092624E-01
1.383624927956E-01
1.461381387049E-01
1.828905564511E-01
2.733388377328E-01
3.465792497678E-01
3.577649259905E-01
4.144153428629E-01
4.193129358263E-01
4.333806024937E-01
4.800811052863E-01
5.129236236202E-01
5.244351000620E-01
5.407740100994E-01
5.587933897402E-01
5.666978486768E-01
5.717405027468E-01
5.771138971418E-01
5.855256790507E-01
5.977559911900E-01
6.170512137526E-01
6.929524589468E-01
7.012066568761E-01
7.088723154117E-01
7.336011041514E-01
7.437063974216E-01
7.480175915558E-01
8.067700359822E-01
8.324043134956E-01
8.398879970491E-01
8.641096876873E-01
8.734605568319E-01
8.975844783803E-01
9.071076274996E-01
9.321987187026E-01
9.342588615795E-01
9.472517040358E-01
1.018049408087E+00
1.020531998258E+00
1.049255401744E+00
1.060951010425E+00
2.300844407033E-02
2.986444127521E-02
6.765081982328E-02
3.256150671900E-01
3.565419909591E-01
4.179080596536E-01
4.824579467812E-01
5.556321470769E-01
5.910231754169E-01
7.158999093246E-01
7.925659813964E-01
8.290917072053E-01
1.027839872627E+00
1.071885882601E+00
1.113295833758E+00
1.120640868823E+00
1.121083282214E+00
1.130200677952E+00
1.175867797688E+00
1.223257368773E+00
1.272562734488E+00
1.296681075754E+00
1.305801789340E+00
1.315328781771E+00
1.332714063204E+00
1.343362794993E+00
1.437683137139E+00
1.459209829893E+00
1.461597885938E+00
1.464336510667E+00
1.479338397204E+00
1.486319952692E+00
1.497655578022E+00
1.505639951184E+00
1.534492933666E+00
1.571801429159E+00
1.621042912929E+00
1.622650813451E+00
1.629140833182E+00
1.633729139365E+00
1.640912784363E+00
1.645631069285E+00
1.672893039442E+00
1.759794984169E+00
1.778744611786E+00
1.787281772154E+00
1.791556002125E+00
1.800880751502E+00
1.806337549314E+00
1.844828281946E+00
2.986444127521E-02
5.967822423838E-02
1.190674422905E-01
3.032802140897E-01
3.609886160040E-01
4.687931003405E-01
4.760122579436E-01
5.202870930851E-01
5.863739272385E-01
7.163930802564E-01
7.660134286026E-01
8.531503589869E-01
9.843044721747E-01
1.025196127502E+00
1.067809387621E+00
1.096862227019E+00
1.143492341625E+00
1.156262465990E+00
1.166695783203E+00
1.177167535984E+00
1.189002602737E+00
1.230179099382E+00
1.281963336560E+00
1.324687710181E+00
1.342507606941E+00
1.345267668165E+00
1.351921637660E+00
1.365971018060E+00
1.414313952815E+00
1.421745202263E+00
1.428125164148E+00
1.473071749700E+00
1.495060107971E+00
1.500590131716E+00
1.504502604587E+00
1.528188826426E+00
1.539154500987E+00
1.549221057600E+00
1.601475958150E+00
1.618273199853E+00
1.642010980385E+00
1.655583609676E+00
1.678940733458E+00
1.680737663529E+00
1.700114685572E+00
1.703990077004E+00
1.788962731605E+00
1.798497358065E+00
1.832983126977E+00
1.841910286084E+00
2.300844407033E-02
5.967822423838E-02
7.088715293155E-02
2.615108406429E-01
3.781809207928E-01
4.051601807442E-01
4.341145371002E-01
5.956666090387E-01
6.233130345715E-01
7.338666365103E-01
7.858790274488E-01
8.156182598201E-01
1.019482428651E+00
1.065524337505E+00
1.114769544114E+00
1.115286341946E+00
1.118495470591E+00
1.191533716991E+00
1.194507755715E+00
1.284919741623E+00
1.285688926238E+00
1.291934180785E+00
1.306985296681E+00
1.310201925558E+00
1.329859082777E+00
1.333078004130E+00
1.436725477567E+00
1.470029943890E+00
1.473574354894E+00
1.478870501896E+00
1.502390085508E+00
1.521938561125E+00
1.528675855116E+00
1.568975368755E+00
1.593726650731E+00
1.605130062619E+00
1.613371140614E+00
1.622628134236E+00
1.637628345362E+00
1.638877155508E+00
1.663100875888E+00
1.665442862872E+00
1.751307619992E+00
1.783104009841E+00
1.811839875034E+00
1.813785259685E+00
1.830074041641E+00
1.843822437017E+00
1.867314771862E+00
1.882892336408E+00
6.765081982328E-02
7.088715293155E-02
1.190674422905E-01
1.860112059387E-01
2.261376533723E-01
3.171213592605E-01
4.339851642507E-01
4.570985314827E-01
4.830928444060E-01
5.687837582954E-01
5.692930113480E-01
7.074381406928E-01
7.090932086544E-01
7.404123540924E-01
7.742069938096E-01
7.922318079456E-01
8.539774392823E-01
8.596511338338E-01
8.617798383908E-01
8.677444646235E-01
9.132785878892E-01
9.770713601995E-01
9.900514684952E-01
9.906059355663E-01
1.009271963223E+00
1.022126057070E+00
1.035662893470E+00
1.094028700912E+00
1.122086902826E+00
1.136537297432E+00
1.146140917738E+00
1.177290284782E+00
1.195751499163E+00
1.210669999880E+00
1.215310421987E+00
1.222205543788E+00
1.258390710921E+00
1.260790026960E+00
1.314429798845E+00
1.319304850719E+00
1.354336306536E+00
1.364796704536E+00
1.375682161275E+00
1.387183387337E+00
1.397908733899E+00
1.426957201813E+00
1.472863041082E+00
1.481051130856E+00
1.491311072457E+00
1.508089753745E+00
3.939811555625E-02
4.038557270045E-02
8.354788127696E-02
9.906152087552E-02
1.165845179273E-01
1.212409352208E-01
1.458770584492E-01
1.705135721165E-01
1.804354172436E-01
2.169693638452E-01
2.290678667241E-01
2.353417104653E-01
2.438258939492E-01
2.551867828777E-01
2.835818906944E-01
2.988822978951E-01
3.004892247727E-01
3.072385295076E-01
3.092859972326E-01
3.109077762242E-01
3.120250843256E-01
3.217458632654E-01
3.219181384035E-01
3.278217482642E-01
3.287586933658E-01
3.289002544884E-01
3.366435743210E-01
3.485292722161E-01
3.598635425152E-01
3.678051609001E-01
3.738523720777E-01
3.745277364075E-01
3.907194089520E-01
3.922940078726E-01
3.930978888428E-01
3.943503935471E-01
4.402843376002E-01
4.435883013659E-01
4.644988525140E-01
4.737949941325E-01
4.804852975606E-01
4.828248733536E-01
4.965563626899E-01
4.977666805147E-01
5.098495701917E-01
5.697441994393E-01
5.734556854127E-01
5.796685073228E-01
6.170512137526E-01
6.245721447683E-01
4.038557270045E-02
5.439602761008E-02
5.673475833845E-02
5.978799048972E-02
1.405372067782E-01
1.673170489404E-01
1.858119997301E-01
1.964415665757E-01
2.083619520706E-01
2.216085057425E-01
2.293805297149E-01
2.304068027374E-01
2.371066601748E-01
2.430095589545E-01
2.516040359776E-01
2.525614201017E-01
2.745708072083E-01
2.761730429976E-01
2.797664087170E-01
2.827672740875E-01
2.906030044073E-01
2.934720842477E-01
3.026678504803E-01
3.146120847445E-01
3.284770301286E-01
3.413960020435E-01
3.461082573581E-01
3.535643701734E-01
3.601278741489E-01
3.629874960147E-01
3.675981155167E-01
3.739982760812E-01
3.799353178000E-01
3.900000437544E-01
3.981748824650E-01
4.026293042390E-01
4.066285241885E-01
4.068224459965E-01
4.109868795118E-01
4.121236952819E-01
4.342528410909E-01
4.410016079765E-01
4.529750096244E-01
4.571215310837E-01
4.668580735946E-01
5.244351000620E-01
5.355740586902E-01
5.422834611733E-01
5.748601386559E-01
5.775095818197E-01
3.939811555625E-02
5.673475833845E-02
1.151490840185E-01
1.255583532387E-01
1.576860795362E-01
1.937612607414E-01
1.966481362906E-01
2.073001591935E-01
2.205955908083E-01
2.417733694017E-01
2.504349405480E-01
2.677175715267E-01
2.751912911060E-01
2.853624818301E-01
3.159929476013E-01
3.426122941795E-01
3.590982272314E-01
3.702218987576E-01
3.798944139779E-01
3.810426580094E-01
3.849883629819E-01
3.879413257925E-01
3.915586878106E-01
4.044247795875E-01
4.101767801689E-01
4.188039035816E-01
4.213291826414E-01
4.265551309418E-01
4.291167061151E-01
4.335640716075E-01
4.413329165344E-01
4.538226746985E-01
4.607153984434E-01
4.697504857807E-01
4.855101000171E-01
4.961543599982E-01
4.976500422833E-01
5.000072394864E-01
5.055775516710E-01
5.107017607272E-01
5.118156460124E-01
5.517948857834E-01
5.890942948273E-01
6.035422218185E-01
6.076081591315E-01
6.115543355581E-01
6.215344840578E-01
6.393114097941E-01
6.548263417807E-01
6.929524589468E-01
4.942289869504E-02
5.978799048972E-02
8.354788127696E-02
1.209374290433E-01
1.255583532387E-01
1.276334452324E-01
1.476868598039E-01
1.521626844014E-01
1.559573882295E-01
1.608453326188E-01
1.702497965123E-01
1.799598783624E-01
1.803606826248E-01
1.841006443370E-01
1.901540720595E-01
1.903511197034E-01
1.982230957662E-01
2.205907560120E-01
2.251471313161E-01
2.337602348640E-01
2.582965453198E-01
2.612350160243E-01
2.670245580419E-01
2.787764547390E-01
2.792981128923E-01
2.829033662217E-01
2.843831714377E-01
2.922903309256E-01
2.981236739267E-01
3.403463441507E-01
3.409574218107E-01
3.465792497678E-01
3.758484064887E-01
3.809413470945E-01
3.820861061536E-01
3.825819585802E-01
3.828263640929E-01
3.922198196321E-01
3.941490911931E-01
4.081924920071E-01
4.324624615476E-01
4.429276564238E-01
4.550918646363E-01
4.951143323669E-01
5.045834579009E-01
5.180290338884E-01
5.403703057160E-01
5.717186681349E-01
6.326659258534E-01
6.658472705446E-01
1.175166578517E-01
1.259331699395E-01
1.388316445552E-01
1.779531984108E-01
1.955865942893E-01
2.070879745172E-01
2.339393077678E-01
2.449656996303E-01
2.610284778501E-01
2.752939614355E-01
2.964332462200E-01
3.046622961995E-01
3.225668050101E-01
3.227785470088E-01
3.335566587966E-01
3.709489227897E-01
3.813055379926E-01
3.907194089520E-01
3.967128467677E-01
4.109868795118E-01
4.406533491092E-01
4.413329165344E-01
4.796964170947E-01
4.900745293938E-01
5.180290338884E-01
5.306345476024E-01
5.687811399432E-01
5.955406285010E-01
6.365020052403E-01
7.087146147403E-01
7.328270484654E-01
7.582716331269E-01
7.858649237047E-01
7.988584229296E-01
8.286206956225E-01
8.417595284775E-01
8.557539022946E-01
8.635660686060E-01
8.642425148936E-01
8.839337109597E-01
8.852874414327E-01
9.055971365181E-01
9.134478084405E-01
9.323161838801E-01
9.390724122486E-01
9.731013320861E-01
9.852824459409E-01
9.932603820708E-01
1.005357263441E+00
1.006903258409E+00
1.200033604258E-01
1.396887804095E-01
1.644523070562E-01
2.455858057989E-01
2.461910151110E-01
3.010552251109E-01
3.335566587966E-01
3.496090532347E-01
3.716572412057E-01
3.739982760812E-01
3.964220562962E-01
4.003838179719E-01
4.005404887069E-01
4.031525971743E-01
4.133923507486E-01
4.324624615476E-01
4.469318313327E-01
4.593825028623E-01
4.626801615456E-01
4.759836590352E-01
4.965563626899E-01
5.148210600641E-01
5.226388723013E-01
5.540233374951E-01
5.721846160905E-01
5.745689721332E-01
5.793397127525E-01
6.035422218185E-01
6.058888674591E-01
6.132152146697E-01
6.321039030679E-01
6.387478837540E-01
6.424605819027E-01
6.515627160563E-01
6.625913307967E-01
6.731713741795E-01
6.818808412569E-01
7.009265255253E-01
7.081053695938E-01
7.109110993552E-01
7.127220314981E-01
7.287460172445E-01
7.327901251383E-01
7.342297678845E-01
7.373840796774E-01
7.383728401539E-01
7.557172378099E-01
7.728435176787E-01
8.036459316066E-01
8.146736292041E-01
1.200033604258E-01
1.759789467304E-01
1.815760895095E-01
2.027630898113E-01
2.137620604520E-01
2.171987948652E-01
2.257440019189E-01
2.575901694780E-01
2.761730429976E-01
2.807711618706E-01
2.845267621193E-01
3.012999779883E-01
3.046622961995E-01
3.155069937400E-01
3.455005600809E-01
3.498124938800E-01
3.581424163977E-01
3.598635425152E-01
3.809413470945E-01
4.050857018500E-01
4.077040027296E-01
4.199467611902E-01
4.213849077184E-01
4.310260306061E-01
4.335640716075E-01
4.635653205087E-01
4.654567608534E-01
4.676119525869E-01
4.743770941956E-01
4.811009683710E-01
4.836511579027E-01
4.859122397694E-01
4.939420289453E-01
4.971818531874E-01
5.078079816013E-01
5.321279653504E-01
5.350763057363E-01
5.465992802683E-01
5.602097160966E-01
5.643735486997E-01
5.851052850694E-01
6.083215702005E-01
6.184605457422E-01
6.257784346278E-01
6.299017632570E-01
6.710903491783E-01
6.747911370799E-01
6.918221746084E-01
6.946219423585E-01
6.968065869229E-01
1.074938507907E-01
1.266789463637E-01
1.269144103538E-01
1.292049266091E-01
1.448052769080E-01
1.629008427537E-01
3.256232621260E-01
3.945648000462E-01
3.952564238467E-01
7.511560843114E-01
7.564074397024E-01
8.634279868053E-01
8.751453452873E-01
9.221592751062E-01
9.685498876495E-01
1.019465589843E+00
1.044108482672E+00
1.061007141364E+00
1.063966889924E+00
1.063987145011E+00
1.064898017833E+00
1.070015905722E+00
1.074996393034E+00
1.079745507667E+00
1.098006974583E+00
1.101228300279E+00
1.104016164530E+00
1.107999805776E+00
1.118632605143E+00
1.137613966886E+00
1.139120756619E+00
1.140230206078E+00
1.153006382046E+00
1.159116660732E+00
1.174251996881E+00
1.197470888254E+00
1.215383136539E+00
1.226575179887E+00
1.240866360311E+00
1.242356131879E+00
1.278847984986E+00
1.279042246733E+00
1.279605793525E+00
1.307253929257E+00
1.325500654254E+00
1.336533635623E+00
1.471037866918E+00
1.474196945202E+00
1.482370385339E+00
1.520914215371E+00
4.060401295801E-02
5.765767091059E-02
1.409975699385E-01
1.448052769080E-01
1.550048141372E-01
1.729590278639E-01
4.081900019124E-01
5.050956639029E-01
5.324673600947E-01
9.955017949670E-01
1.020521042780E+00
1.159547371813E+00
1.164919104331E+00
1.175254739834E+00
1.207007521944E+00
1.237877845834E+00
1.237999934832E+00
1.239215495805E+00
1.262515723216E+00
1.271749526528E+00
1.282091095113E+00
1.312210309221E+00
1.335960101039E+00
1.344035589780E+00
1.358534469660E+00
1.361982104720E+00
1.362016731658E+00
1.363725772024E+00
1.377938534906E+00
1.379707069795E+00
1.388382254118E+00
1.395778363486E+00
1.411682009290E+00
1.425245799604E+00
1.430734236438E+00
1.434794574850E+00
1.449441430446E+00
1.453136313858E+00
1.460700708349E+00
1.473300627838E+00
1.491580606755E+00
1.524090629812E+00
1.558331430627E+00
1.565775070252E+00
1.572340886010E+00
1.599859643122E+00
1.633737420251E+00
1.696429989737E+00
1.708014118997E+00
1.719717638700E+00
4.442745153810E-01
7.804324523131E-01
9.132411668324E-01
1.860721842571E+00
1.929790484250E+00
1.978715794341E+00
1.997219741053E+00
2.115305774793E+00
2.181359290043E+00
2.256743691688E+00
2.259086380377E+00
2.297245015636E+00
2.352719494819E+00
2.361105867234E+00
2.387259760429E+00
2.390176067324E+00
2.410461649675E+00
2.410478494186E+00
2.449992356734E+00
2.501111297936E+00
2.507202031357E+00
2.510029580611E+00
2.511092317716E+00
2.519849007034E+00
2.522083645018E+00
2.534088318403E+00
2.545203442630E+00
2.550923036754E+00
2.554336060853E+00
2.588008857099E+00
2.606211999519E+00
2.607339484566E+00
2.618282855609E+00
2.627276225263E+00
2.631491695725E+00
2.661220654202E+00
2.665019615757E+00
2.666299615169E+00
2.686994898001E+00
2.691036175888E+00
2.716556184565E+00
2.739084255753E+00
2.741238654441E+00
2.748873346620E+00
2.753525506455E+00
2.754237043086E+00
2.755851888272E+00
2.756823293406E+00
2.765494245898E+00
2.768697464362E+00
2.512262093635E-01
2.551200435853E-01
4.442745153810E-01
2.011179759119E+00
2.050594209775E+00
2.110499964560E+00
2.147862526040E+00
2.184775759617E+00
2.285137128529E+00
2.302737520196E+00
2.336724511848E+00
2.371781281735E+00
2.414937703711E+00
2.425917698006E+00
2.441840920904E+00
2.444116285061E+00
2.450762659877E+00
2.478616692404E+00
2.500042778849E+00
2.502075017684E+00
2.503707580137E+00
2.512372717517E+00
2.513774967730E+00
2.517362136051E+00
2.518257742185E+00
2.523557016424E+00
2.553871229424E+00
2.561647790141E+00
2.581085630477E+00
2.589437180518E+00
2.590422468975E+00
2.609382568046E+00
2.614975240415E+00
2.633756489870E+00
2.636026355708E+00
2.651427868305E+00
2.666678090960E+00
2.675671798049E+00
2.681972832776E+00
2.683072779261E+00
2.684421559426E+00
2.690905441851E+00
2.696936347997E+00
2.708789474616E+00
2.719789560532E+00
2.719959295759E+00
2.725009884673E+00
2.725491335886E+00
2.729565425536E+00
2.730832734236E+00
6.507388032810E-02
2.512262093635E-01
7.804324523131E-01
1.229752737792E+00
1.258240810981E+00
1.330010041272E+00
1.345586084019E+00
1.353228401794E+00
1.401939806511E+00
1.422703316586E+00
1.450285370342E+00
1.459093985637E+00
1.471739345509E+00
1.485850492035E+00
1.498304268285E+00
1.569454072754E+00
1.574233675080E+00
1.574827353082E+00
1.579527180343E+00
1.585873655755E+00
1.595440540480E+00
1.601927716923E+00
1.608144400102E+00
1.614749903996E+00
1.618767382904E+00
1.619383457420E+00
1.619888178788E+00
1.621983194095E+00
1.635750247257E+00
1.658270806267E+00
1.659466435729E+00
1.662298941195E+00
1.662717724090E+00
1.663237458695E+00
1.671159661162E+00
1.674225412799E+00
1.685080407583E+00
1.692875428275E+00
1.700904564559E+00
1.749045478020E+00
1.756128295049E+00
1.757957548063E+00
1.771332332347E+00
1.777155324912E+00
1.789889227133E+00
1.794357531911E+00
1.822904969673E+00
1.830663398793E+00
1.838542319529E+00
1.880825951679E+00
6.507388032810E-02
2.551200435853E-01
9.132411668324E-01
1.373981300291E+00
1.378628079843E+00
1.380357884527E+00
1.387418711176E+00
1.397787620824E+00
1.402046481869E+00
1.465945330202E+00
1.504554302604E+00
1.518280866841E+00
1.533372048279E+00
1.570833931071E+00
1.594287378406E+00
1.601152227931E+00
1.639109511535E+00
1.639330438735E+00
1.646848556533E+00
1.655007893900E+00
1.664393164064E+00
1.689441762706E+00
1.718625755369E+00
1.718641610835E+00
1.720651275354E+00
1.732825938371E+00
1.746792424597E+00
1.776317110931E+00
1.778074169217E+00
1.778638338436E+00
1.788627238516E+00
1.795950167234E+00
1.802520404920E+00
1.808792355319E+00
1.821458228401E+00
1.845627803303E+00
1.856034834885E+00
1.863272550180E+00
1.873349465571E+00
1.873959901916E+00
1.891982296141E+00
1.896545588635E+00
1.916837396687E+00
1.920217183372E+00
1.924295930115E+00
1.960741800564E+00
1.967495372416E+00
1.975755611846E+00
1.977589533746E+00
1.984184424722E+00
4.462858050382E-02
6.416694500555E-02
8.647438542841E-02
8.947955579109E-02
1.181861903406E-01
1.269144103538E-01
1.571208796774E-01
1.729590278639E-01
1.803453804299E-01
5.748641303434E-01
5.967814569630E-01
6.289956153104E-01
6.500838825289E-01
6.682392746956E-01
6.789078048550E-01
6.930013498050E-01
6.943321530004E-01
6.970239758307E-01
7.226774653564E-01
7.324363468594E-01
7.445717167150E-01
7.462009031502E-01
7.551807520075E-01
7.556828722156E-01
7.580275666480E-01
7.624813547827E-01
7.631239238559E-01
7.667732193075E-01
7.678789522202E-01
8.017675030739E-01
8.051788655466E-01
8.118343029319E-01
8.201496533042E-01
8.410839274716E-01
8.508734716485E-01
8.641096876873E-01
8.774917252250E-01
8.818376198977E-01
9.069352275944E-01
9.122076041100E-01
9.298784187935E-01
9.561531001779E-01
9.867142406372E-01
9.908555339739E-01
1.001263011235E+00
1.025907751372E+00
1.026710771868E+00
1.062732223679E+00
1.065734032518E+00
1.070442220815E+00
3.712461809092E-02
4.462858050382E-02
8.020619999342E-02
8.356506633509E-02
1.074938507907E-01
1.409975699385E-01
1.909942032756E-01
2.117792248667E-01
2.397848332898E-01
4.852035824328E-01
5.512711639632E-01
6.101729224468E-01
6.349856357721E-01
6.417083748543E-01
6.489688950186E-01
6.775062994871E-01
6.797163454832E-01
6.923901682782E-01
6.924578548668E-01
7.080426800284E-01
7.099452656665E-01
7.141494525519E-01
7.158715298188E-01
7.342699777576E-01
7.393441454154E-01
7.427627101464E-01
7.480175915558E-01
7.600145300842E-01
7.663806403465E-01
7.705735499809E-01
7.779263946294E-01
7.864793873028E-01
7.874909599503E-01
8.000292282636E-01
8.114848890061E-01
8.166223898411E-01
8.388769612705E-01
8.486909262762E-01
8.602374122125E-01
8.630139289575E-01
8.763143159485E-01
8.848416088014E-01
9.333356794186E-01
9.987650117495E-01
1.007159174496E+00
1.011686492166E+00
1.031153350188E+00
1.070783042838E+00
1.086073263070E+00
1.098263962771E+00
6.909820288781E-02
7.359398903826E-02
1.803453804299E-01
2.397848332898E-01
2.717007946213E-01
3.039058012060E-01
3.122451654488E-01
3.199727884907E-01
3.716241410792E-01
3.791337676542E-01
3.952564238467E-01
3.968399469665E-01
4.043617356606E-01
4.429276564238E-01
4.699008752261E-01
4.733946912260E-01
4.752694036679E-01
4.805772299370E-01
4.828248733536E-01
4.874684056313E-01
4.881012573429E-01
4.906142044494E-01
5.174961359243E-01
5.278823280785E-01
5.321279653504E-01
5.324673600947E-01
5.355740586902E-01
5.374921604832E-01
5.465995491555E-01
5.587206113403E-01
5.604766770912E-01
5.656186627258E-01
5.816266130339E-01
5.924785907797E-01
6.076081591315E-01
6.446884084386E-01
6.472441204649E-01
6.887399087533E-01
6.959093090096E-01
7.088723154117E-01
7.245505944875E-01
7.327901251383E-01
7.342145054997E-01
7.418165191617E-01
7.517973920586E-01
7.530607642027E-01
7.541537313382E-01
7.546403101912E-01
7.642975374526E-01
7.830631962917E-01
7.359398903826E-02
1.181861903406E-01
1.488455354608E-01
1.909942032756E-01
2.471669091361E-01
2.663166600409E-01
2.715261645501E-01
2.962466610586E-01
3.223462698378E-01
3.264376323231E-01
3.409574218107E-01
3.474260018088E-01
3.625543439772E-01
3.817347883115E-01
3.841184790928E-01
3.922940078726E-01
3.945648000462E-01
4.022432937386E-01
4.141345162237E-01
4.158640626628E-01
4.261711984999E-01
4.264404207735E-01
4.301718959568E-01
4.379784891566E-01
4.396634270582E-01
4.410016079765E-01
4.556792641614E-01
4.580400004779E-01
4.662906377117E-01
4.961543599982E-01
5.050956639029E-01
5.294214643255E-01
5.405225750396E-01
5.463832807133E-01
5.513030980991E-01
5.643735486997E-01
5.698691573611E-01
5.740140235525E-01
5.771138971418E-01
6.078856908784E-01
6.270132760797E-01
6.569480182339E-01
6.602176762926E-01
6.619102059958E-01
6.796073803328E-01
6.887446776393E-01
6.917538547288E-01
6.972691767385E-01
6.989840739891E-01
7.109110993552E-01
1.593165440641E-01
1.815760895095E-01
2.011008657053E-01
2.373531467419E-01
2.566605634374E-01
3.122451654488E-01
3.261337662473E-01
3.275987349043E-01
3.448169357615E-01
3.461699140629E-01
3.496090532347E-01
3.497122944730E-01
3.540477655552E-01
3.922198196321E-01
3.922235172361E-01
4.026293042390E-01
4.106649731028E-01
4.264404207735E-01
4.532834180682E-01
4.583188617947E-01
4.737949941325E-01
4.784998789717E-01
4.877785795619E-01
5.031611097220E-01
5.055775516710E-01
5.202204523233E-01
5.219296485650E-01
5.510949864965E-01
5.752081081774E-01
5.810807157244E-01
5.811193237385E-01
5.892683698025E-01
5.909361799265E-01
5.955406285010E-01
5.975330514022E-01
5.977559911900E-01
6.043483512971E-01
6.052127267393E-01
6.092119979359E-01
6.289311690803E-01
6.291102097267E-01
6.386606208489E-01
6.405444957581E-01
6.425989078716E-01
6.434877899832E-01
6.543240142153E-01
6.682392746956E-01
6.781843065988E-01
6.797163454832E-01
6.850120948630E-01
2.011008657053E-01
2.896357430347E-01
3.012999779883E-01
3.229618728357E-01
3.601278741489E-01
3.620932179808E-01
3.752403014983E-01
3.758484064887E-01
3.780330281167E-01
3.964220562962E-01
3.973096763813E-01
4.027049985701E-01
4.044247795875E-01
4.098301954745E-01
4.100570000987E-01
4.306626689220E-01
4.367880825485E-01
4.380536118209E-01
4.402843376002E-01
4.480632712805E-01
4.521672588259E-01
4.570985314827E-01
4.783804937807E-01
4.940565924882E-01
5.216122675190E-01
5.315136280020E-01
5.375333598725E-01
5.795243403940E-01
5.933819850156E-01
6.013333241647E-01
6.092738053560E-01
6.190491295677E-01
6.240035477951E-01
6.366823059284E-01
6.683383197088E-01
6.881242791502E-01
6.959093090096E-01
7.085939188207E-01
7.087146147403E-01
7.120252023408E-01
7.158999093246E-01
7.224583311648E-01
7.306029104856E-01
7.338666365103E-01
7.350164592253E-01
7.437063974216E-01
7.518116381453E-01
7.660134286026E-01
7.797636812237E-01
7.916208570083E-01
1.593165440641E-01
4.043617356606E-01
4.077040027296E-01
4.563426127111E-01
4.949262402660E-01
5.513030980991E-01
5.675325286618E-01
5.772583744862E-01
5.854622970261E-01
5.881868360255E-01
6.013333241647E-01
6.710104679066E-01
6.843725075161E-01
6.970239758307E-01
7.057041367863E-01
7.158715298188E-01
7.287460172445E-01
7.564074397024E-01
7.580412349520E-01
7.581899327164E-01
7.612076534725E-01
7.690235699624E-01
8.021083774356E-01
8.173270896934E-01
8.210928512078E-01
8.305571214489E-01
8.451801389330E-01
8.555004505784E-01
8.638701553117E-01
8.767515441441E-01
8.839337109597E-01
8.893754361565E-01
8.940876903043E-01
9.039764902180E-01
9.058127138644E-01
9.121336199704E-01
9.270667844089E-01
9.342588615795E-01
9.358149205937E-01
9.480396576223E-01
9.497229505188E-01
9.564313788254E-01
9.657782080851E-01
9.955017949670E-01
9.984334049821E-01
1.008052642298E+00
1.010654349020E+00
1.013779814412E+00
1.057019946240E+00
1.066328235870E+00
4.563426127111E-01
5.219296485650E-01
7.548311065657E-01
8.620529085020E-01
9.091683533107E-01
9.829174460534E-01
1.014177768089E+00
1.094596717589E+00
1.098415487179E+00
1.150847339282E+00
1.187869104944E+00
1.200660249765E+00
1.226575179887E+00
1.302762204076E+00
1.340864380989E+00
1.345446786181E+00
1.361366963210E+00
1.361867533209E+00
1.364669771853E+00
1.366437331959E+00
1.370676966318E+00
1.374310335486E+00
1.388142129399E+00
1.399794127990E+00
1.422387081611E+00
1.455233620366E+00
1.461073945158E+00
1.469584472392E+00
1.513689334791E+00
1.525101027184E+00
1.543082822552E+00
1.583508297974E+00
1.593891117045E+00
1.610907547788E+00
1.627157919730E+00
1.628332549001E+00
1.635848107935E+00
1.639898512201E+00
1.647384586610E+00
1.656115893510E+00
1.676410895140E+00
1.681039141908E+00
1.684606650028E+00
1.692302619751E+00
1.708014118997E+00
1.713300929127E+00
1.719327252689E+00
1.719355884612E+00
1.738371151464E+00
1.745401887487E+00
3.359592413098E-02
4.005675156982E-02
9.021952887724E-02
1.835210796895E-01
1.964415665757E-01
1.966481362906E-01
2.169693638452E-01
2.314253120422E-01
2.337602348640E-01
3.539862182334E-01
3.612965128299E-01
3.620932179808E-01
4.193321860587E-01
4.220599906793E-01
4.356066366460E-01
4.437835327959E-01
4.544760074179E-01
4.569762296349E-01
4.577699826876E-01
4.629000183799E-01
4.690836693018E-01
4.699658944809E-01
4.706332507957E-01
4.978344486034E-01
5.097273402226E-01
5.166361741702E-01
5.166423474419E-01
5.407740100994E-01
5.514862828766E-01
5.575745388205E-01
5.602097160966E-01
5.685837403259E-01
5.702269527549E-01
6.090241005126E-01
6.126442997048E-01
6.199949655003E-01
6.237993437517E-01
6.387478837540E-01
6.434877899832E-01
6.440840692026E-01
6.556046731255E-01
6.913241063974E-01
6.972691767385E-01
7.078809647745E-01
7.090932086544E-01
7.579779980182E-01
7.582716331269E-01
7.942462125943E-01
8.263194564834E-01
8.448414592823E-01
2.673840452974E-02
3.359592413098E-02
4.625868139865E-02
1.959502503436E-01
2.251471313161E-01
2.293805297149E-01
2.677175715267E-01
2.718445695027E-01
2.736347583652E-01
2.835818906944E-01
3.342631022728E-01
3.357035523015E-01
3.392167558425E-01
3.419339647432E-01
3.577649259905E-01
3.615045386499E-01
3.689539075367E-01
3.866090716183E-01
3.969420182567E-01
4.098301954745E-01
4.418348473135E-01
4.462221021295E-01
4.660973391486E-01
4.662421654307E-01
4.848846455309E-01
4.894933906993E-01
4.904075505965E-01
4.919977315577E-01
5.097953681675E-01
5.133669992924E-01
5.262444268655E-01
5.498960250026E-01
6.083215702005E-01
6.405444957581E-01
6.602176762926E-01
6.660163628265E-01
6.789553133573E-01
6.858641639744E-01
6.997652756826E-01
7.009265255253E-01
7.383971483807E-01
7.663806403465E-01
7.794853037811E-01
7.830146038760E-01
8.029149271956E-01
8.076543034788E-01
8.295112755127E-01
8.629902546433E-01
8.677444646235E-01
9.069352275944E-01
3.824479589035E-02
4.625868139865E-02
9.021952887724E-02
1.841006443370E-01
1.920824402982E-01
2.099694625187E-01
2.324102919728E-01
2.692327664758E-01
2.733388377328E-01
2.797406655294E-01
2.822715061475E-01
2.827672740875E-01
3.076698241658E-01
3.109077762242E-01
3.136093209962E-01
3.159929476013E-01
3.199658169773E-01
3.211897744629E-01
3.342546153409E-01
3.711020405088E-01
3.845047399627E-01
3.948313395076E-01
3.970493827064E-01
4.303339024440E-01
4.380536118209E-01
4.390244314727E-01
4.515985203140E-01
4.549738176904E-01
5.155465365661E-01
5.249116273636E-01
5.298715086013E-01
5.566669487131E-01
5.698691573611E-01
5.977056673659E-01
6.174495206745E-01
6.291102097267E-01
6.424959365764E-01
6.918221746084E-01
7.373840796774E-01
7.517973920586E-01
7.779263946294E-01
8.197606468561E-01
8.212593759699E-01
8.262990123739E-01
8.425964150752E-01
8.643334013151E-01
8.709825706848E-01
8.774917252250E-01
8.869427143600E-01
9.285022941378E-01
2.673840452974E-02
3.824479589035E-02
4.005675156982E-02
1.901540720595E-01
2.067100583112E-01
2.073001591935E-01
2.216085057425E-01
2.438258939492E-01
2.520004463483E-01
3.136892235521E-01
3.284970034712E-01
3.685305264971E-01
3.734327238436E-01
4.102260957770E-01
4.124682789858E-01
4.144153428629E-01
4.148127609689E-01
4.221512684204E-01
4.221564666410E-01
4.314905840543E-01
4.367880825485E-01
4.489802258576E-01
4.637336761442E-01
4.807278938926E-01
4.850333264336E-01
4.885793103739E-01
5.002780607022E-01
5.033624069143E-01
5.117669856843E-01
5.328354863697E-01
5.335706405547E-01
5.790595426308E-01
6.089690841994E-01
6.243202176277E-01
6.288286577028E-01
6.569480182339E-01
6.936973838339E-01
6.946219423585E-01
7.062907077978E-01
7.081351839401E-01
7.226867364228E-01
7.728435176787E-01
7.777518374383E-01
8.174901274471E-01
8.282365981698E-01
8.387253035029E-01
8.454143523975E-01
8.486909262762E-01
8.489929778358E-01
8.617798383908E-01
5.337588950791E-02
5.871132549955E-02
9.063459633965E-02
1.054550074704E-01
2.614777365983E-01
3.485292722161E-01
3.581424163977E-01
3.801825993738E-01
3.850418381712E-01
3.967128467677E-01
4.101767801689E-01
4.183028253047E-01
4.280412516561E-01
4.342528410909E-01
4.625565157973E-01
4.682253270582E-01
4.864700212407E-01
4.961220524083E-01
5.202870930851E-01
5.687837582954E-01
5.717186681349E-01
5.752081081774E-01
5.843808533319E-01
5.910231754169E-01
5.918631397631E-01
5.933819850156E-01
6.087028181680E-01
6.233130345715E-01
6.243699704369E-01
6.321039030679E-01
6.322448426850E-01
6.490943650786E-01
6.815947277081E-01
7.541537313382E-01
7.702982495137E-01
7.811701736933E-01
7.830263080448E-01
8.141966021438E-01
8.193963712265E-01
8.223123300187E-01
8.350442188897E-01
8.485652029424E-01
8.495483334738E-01
8.663185172787E-01
9.040186304753E-01
9.058127138644E-01
9.135414282880E-01
9.140251011036E-01
9.168257035815E-01
9.255115861882E-01
5.871132549955E-02
7.299902568983E-02
1.208028413442E-01
1.801379727550E-01
3.609886160040E-01
4.051601807442E-01
4.179080596536E-01
4.215961386042E-01
4.339851642507E-01
4.350002941740E-01
4.804852975606E-01
5.000072394864E-01
5.357535191183E-01
5.687811399432E-01
5.799259511411E-01
5.851052850694E-01
5.861932583940E-01
6.020092130597E-01
6.100190191562E-01
6.242592693432E-01
6.275077571462E-01
6.302177241954E-01
6.366823059284E-01
6.691136715068E-01
7.146570993684E-01
7.506719745975E-01
7.589028939389E-01
7.830139258192E-01
7.851847487925E-01
8.178239354928E-01
8.449061584186E-01
8.550501973844E-01
8.593295649526E-01
8.844812702750E-01
8.888530347322E-01
9.514043533469E-01
9.748241328202E-01
9.802198291424E-01
9.875326936592E-01
1.025470082211E+00
1.026672795077E+00
1.063518997993E+00
1.081641467060E+00
1.089772920649E+00
1.090021267095E+00
1.099655335639E+00
1.103225812287E+00
1.115741888191E+00
1.143130026476E+00
1.143778035701E+00
5.337588950791E-02
5.495465773443E-02
9.042290413625E-02
1.208028413442E-01
2.290678667241E-01
2.504349405480E-01
2.981419254849E-01
3.082661554411E-01
3.146120847445E-01
3.254676460424E-01
3.498124938800E-01
3.505012598973E-01
3.567801559435E-01
4.051327322611E-01
4.406533491092E-01
4.550918646363E-01
4.687931003405E-01
4.830928444060E-01
4.831853739177E-01
4.877785795619E-01
4.940565924882E-01
5.008332720382E-01
5.170549115629E-01
5.207895727664E-01
5.556321470769E-01
5.703374865475E-01
5.789146323701E-01
5.865563011679E-01
5.956666090387E-01
6.020230681292E-01
6.090241005126E-01
6.145802872328E-01
6.472441204649E-01
6.608142937901E-01
6.644627264251E-01
6.714441296966E-01
6.817708788533E-01
6.818808412569E-01
7.081351839401E-01
7.110637784450E-01
7.221905797588E-01
7.289682621736E-01
7.308247521179E-01
7.383971483807E-01
7.612076534725E-01
7.644575383204E-01
7.651584108668E-01
7.863248480998E-01
7.875701172174E-01
8.042681763577E-01
5.495465773443E-02
7.299902568983E-02
9.063459633965E-02
1.104613461732E-01
2.714809649771E-01
2.853624818301E-01
3.004892247727E-01
3.032802140897E-01
3.171213592605E-01
3.565419909591E-01
3.781809207928E-01
3.900000437544E-01
4.306626689220E-01
4.315696187352E-01
4.346935745721E-01
4.527122074812E-01
4.660744469003E-01
4.778463817963E-01
4.811009683710E-01
4.959539099199E-01
5.045834579009E-01
5.306345476024E-01
5.371855056238E-01
5.595975400005E-01
5.638831228611E-01
5.811193237385E-01
6.237993437517E-01
6.353107941325E-01
6.367376530287E-01
6.629557981212E-01
6.638241820798E-01
6.704525748827E-01
6.768977871972E-01
6.941409966864E-01
7.062907077978E-01
7.557172378099E-01
7.696703089233E-01
7.729599356902E-01
7.794853037811E-01
8.121847320684E-01
8.122039941642E-01
8.398858450118E-01
8.643334013151E-01
8.786771774704E-01
9.304685058482E-01
9.341944142669E-01
9.459999695601E-01
9.533969009453E-01
9.718216556502E-01
9.740859311823E-01
4.910368573047E-02
7.467669414187E-02
8.172804869731E-02
8.904851987786E-02
9.429451644350E-02
1.185274340241E-01
1.287980333096E-01
1.347129527610E-01
1.395203958123E-01
1.408610057634E-01
1.440712288784E-01
1.518344525246E-01
1.521626844014E-01
1.548364542516E-01
1.548818428990E-01
1.929325627802E-01
2.107412316549E-01
2.187230430715E-01
2.324102919728E-01
2.430095589545E-01
2.470142185116E-01
2.526011835223E-01
2.527273818215E-01
2.565495128735E-01
2.718445695027E-01
3.136892235521E-01
3.155069937400E-01
3.219181384035E-01
3.474260018088E-01
3.497122944730E-01
3.612965128299E-01
3.915586878106E-01
4.031525971743E-01
4.170813498830E-01
4.521672588259E-01
4.691260967684E-01
4.752694036679E-01
4.879183268952E-01
4.968385892472E-01
5.303681186201E-01
5.512711639632E-01
5.625862577908E-01
5.676948068963E-01
5.705076427869E-01
5.789868392682E-01
5.967814569630E-01
6.326283518808E-01
6.365020052403E-01
6.496571165003E-01
6.817708788533E-01
4.910368573047E-02
9.313856316154E-02
1.151087386165E-01
1.274415346946E-01
1.285618330171E-01
1.455695254920E-01
1.549448358913E-01
1.574526103177E-01
1.671670799244E-01
1.686477411069E-01
1.761155314069E-01
1.815545537205E-01
1.840801267836E-01
2.787248993213E-01
2.829033662217E-01
3.019660388524E-01
3.136093209962E-01
3.357035523015E-01
3.506610029009E-01
3.540477655552E-01
3.603486943222E-01
3.674323139440E-01
3.675981155167E-01
3.841184790928E-01
3.890661528184E-01
4.045712029193E-01
4.050857018500E-01
4.102260957770E-01
4.109617817259E-01
4.644988525140E-01
4.706332507957E-01
4.852035824328E-01
4.874684056313E-01
5.031703093555E-01
5.118156460124E-01
5.375333598725E-01
5.748641303434E-01
5.854622970261E-01
6.058888674591E-01
6.381003792618E-01
6.608826885614E-01
6.838020770955E-01
6.997469422671E-01
7.047425517165E-01
7.354022759610E-01
7.452881317110E-01
7.478974127813E-01
7.511560843114E-01
7.573018141430E-01
7.624677669930E-01
8.440943871724E-02
1.031231092462E-01
1.229555075444E-01
1.308430478192E-01
1.398956758262E-01
1.513860142378E-01
1.644523070562E-01
1.848408736905E-01
1.903511197034E-01
2.027630898113E-01
2.107412316549E-01
2.289499806908E-01
2.291909669044E-01
2.429142212609E-01
2.479518525827E-01
2.525614201017E-01
2.551867828777E-01
2.601463395517E-01
2.610284778501E-01
2.749694166476E-01
2.839203975036E-01
2.865174909678E-01
3.127557493527E-01
3.144263376850E-01
3.275987349043E-01
3.383299066130E-01
3.509244981030E-01
3.780330281167E-01
3.798944139779E-01
3.852396132086E-01
3.983908061059E-01
4.100112565521E-01
4.109617817259E-01
4.158640626628E-01
4.269538082545E-01
4.390244314727E-01
4.569762296349E-01
4.682253270582E-01
4.781273711962E-01
4.805772299370E-01
4.831853739177E-01
4.869218138346E-01
4.911144975267E-01
5.033624069143E-01
5.077506928558E-01
5.097953681675E-01
5.371855056238E-01
5.717405027468E-01
5.766102201176E-01
6.302177241954E-01
8.440943871724E-02
1.396887804095E-01
1.405818780560E-01
1.546806434525E-01
1.551211066692E-01
1.759789467304E-01
1.788689841130E-01
1.950706486826E-01
2.038273069825E-01
2.211610791613E-01
2.339393077678E-01
2.359446022981E-01
2.526011835223E-01
2.566605634374E-01
2.594429581051E-01
2.843831714377E-01
2.934720842477E-01
3.178442034694E-01
3.266537503232E-01
3.287586933658E-01
3.396164610326E-01
3.752403014983E-01
3.855399418509E-01
4.020235044527E-01
4.038475839776E-01
4.045712029193E-01
4.188039035816E-01
4.298310361435E-01
4.356066366460E-01
4.379784891566E-01
4.470732836914E-01
4.533638238453E-01
4.549738176904E-01
4.734323134145E-01
4.786468947738E-01
4.919977315577E-01
4.997273205547E-01
5.117669856843E-01
5.158313636510E-01
5.159941180832E-01
5.278823280785E-01
5.506742609765E-01
5.675325286618E-01
5.703374865475E-01
5.855256790507E-01
6.080770649299E-01
6.085217476601E-01
6.243699704369E-01
6.638241820798E-01
7.392966526534E-01
