           2
           4
          29
           3
          60
          59
          15
          55
          81
          37
          84
          75
          42
          68
          79
          83
          76
          58
          86
          17
          54
          41
          61
          73
          11
          62
          48
          74
          32
          28
          85
          56
          53
          23
          45
          71
          67
          30
          16
          35
          72
           6
          34
           5
           7
          38
          82
          46
          78
          18
           4
           3
          60
          29
          81
          55
          37
          17
          54
           1
          79
          84
          83
          48
          11
          76
          75
          28
          42
          32
          56
          59
          16
          45
          34
          15
          41
          82
          30
          35
          31
          57
          18
          85
          19
          86
          78
          58
          53
          80
          68
          43
          39
          71
          72
          46
          23
          38
          49
          77
          79
          34
          81
          54
          85
          22
          11
          35
          60
          37
          45
          58
          20
           4
          55
          80
          23
          82
          56
          39
          17
          57
          12
          86
          59
          83
          48
          16
          31
          28
          42
          13
          41
          30
          18
           2
          21
          75
          70
          69
          14
          32
          84
          44
          71
          19
          76
          72
          43
          78
           2
           3
          60
          37
          55
          54
          83
          75
          76
          11
          17
          81
          59
          56
          84
          48
          85
          42
          86
          28
          34
          16
          57
          79
          78
          35
          41
          32
          23
          58
          15
          31
          45
          39
          30
          20
          18
          77
          68
          22
          82
          19
          29
          38
          72
          70
          71
          46
          13
          49
           6
          62
          67
          68
          15
          61
          14
          70
          69
          84
          73
          11
          54
          83
          71
          57
          56
          55
          43
          30
          35
          16
          32
          34
          37
          48
          60
          31
          17
          18
          76
          28
          77
          44
          86
          85
          78
          81
          22
          75
          19
          49
           3
           4
          23
          46
          39
          72
          20
          47
           5
          62
          68
          67
          15
          61
          14
          70
          69
          84
          73
          83
          54
          11
          30
          57
          71
          43
          55
          56
          32
          16
          48
          18
          37
          35
          76
          31
          17
          28
          77
          34
          78
          49
          19
          75
          60
          44
          46
          86
          81
          85
          47
           4
          22
           3
          72
          39
          23
          45
           8
          10
           9
          56
          55
          54
          45
          39
          57
          37
          13
          75
          41
          78
          42
          12
          76
          81
          82
          58
          35
          34
          79
          38
          77
          60
          22
          83
          72
          11
          23
          59
           3
          85
          80
           4
          86
          70
          20
          48
          16
          31
          17
          84
          18
          15
          71
          28
          32
          30
           7
          10
           9
          56
          55
          13
          45
          54
          39
          12
          57
          37
          41
          58
          42
          22
          35
          81
          34
          78
          82
          75
          79
          23
          76
          20
          85
          80
          60
          11
           3
          59
          70
          83
          77
          38
          86
          31
          16
          72
          48
          17
          65
          21
          18
          44
          28
           4
          66
          71
          10
           8
           7
          55
          56
          13
          39
          45
          54
          37
          57
          41
          42
          12
          75
          78
          59
          76
          58
          60
          38
          81
          79
          34
          82
          35
           4
          83
          22
          85
           3
          77
          72
          16
          44
          17
          43
          15
          48
          80
          31
          70
          32
          66
          86
          28
          18
          11
          65
          84
           8
           7
           9
          55
          56
          13
          39
          54
          45
          37
          57
          41
          42
          12
          75
          78
          58
          59
          76
          38
          60
          22
          82
          34
          81
          35
          85
          83
          77
          79
          72
          23
          86
           4
          65
           3
          66
          20
          80
          11
          16
          48
          31
          17
          44
          70
          84
          28
          32
          21
          35
          34
          85
          86
          54
          57
          31
          83
          23
          17
          55
          22
          37
          60
          16
          20
          71
          48
          28
          18
          70
          56
          84
          41
          32
          81
          30
          69
          12
          42
          58
           3
          59
          19
          39
          45
          79
          13
          47
          77
          49
          82
          75
          72
          46
          78
          76
          73
          14
          44
          13
          22
          58
          35
          34
          20
          23
          85
          41
          11
          86
          54
          57
          45
          55
          21
          42
          39
          56
          37
          79
          59
          60
           3
          81
          82
          83
          70
          80
          71
          31
          17
          16
          69
          48
          18
          72
          28
          30
          75
          84
          78
           8
          77
          44
          32
          14
           7
          76
          19
          12
          58
          41
          42
          22
          23
          35
          34
          20
          85
          86
          55
          57
          56
          54
          11
          21
          59
          37
          60
          45
          39
          83
          79
          81
           3
          71
           8
          82
          31
          17
          16
          48
           7
          72
          70
          84
          80
          75
          18
          78
          28
          77
          32
          30
          76
          10
          47
          69
          44
          69
          70
          67
          15
          68
           5
           6
          61
          62
          11
          71
          34
          43
          35
          73
          83
          57
          84
          30
          54
          85
          16
          31
          17
          32
          60
          37
          44
          55
          22
          48
           3
          28
          18
          81
          86
          56
          79
          19
          12
          72
          59
          45
          39
          49
          20
          23
          77
          82
          46
          68
          67
           6
           5
          61
          62
          14
          70
          69
          84
          83
          30
          32
          16
          57
          17
          37
          48
          11
          43
          55
          54
          71
          31
          28
          18
          73
          56
          60
          19
          76
          34
          49
          35
          77
          44
           4
          46
          85
          78
          75
           3
          47
          86
          81
          72
          22
          39
          59
          41
          28
          31
          17
          48
          19
          18
          30
          32
          83
          49
          57
          84
          47
          46
          37
          11
          34
          35
          85
          55
          77
          54
          70
          76
          86
          78
          41
          42
          44
          56
          69
          22
          60
          75
          71
          39
          43
          20
          59
           3
          23
          68
          14
          12
          15
          72
          67
          13
          81
          45
          48
          16
          31
          28
          18
          19
          30
          83
          32
          84
          49
          46
          57
          37
          47
          11
          34
          35
          85
          55
          77
          54
          76
          42
          41
          86
          78
          60
          70
          56
          75
          22
          71
           3
          39
          69
          44
          59
          20
          43
          72
          23
          12
          81
          14
          15
          13
          68
           4
          29
          48
          30
          16
          28
          17
          31
          19
          49
          83
          46
          47
          32
          84
          57
          34
          11
          37
          35
          77
          55
          54
          85
          76
          70
          78
          86
          41
          42
          56
          75
          22
          69
          20
          71
          60
          39
          23
           3
          12
          68
          44
          59
          15
          14
          43
          67
          13
          29
          72
          81
          28
          16
          48
          18
          31
          17
          30
          32
          49
          46
          47
          83
          84
          57
          37
          77
          11
          34
          76
          55
          35
          85
          78
          54
          70
          42
          44
          41
          86
          75
          43
          69
          56
          71
          60
          22
          39
          29
          68
          15
          59
           3
          20
          72
          14
          67
          23
          12
           4
          33
          23
          22
          21
          35
          34
          58
          85
          86
          12
          11
          54
          13
          57
           3
          55
          37
          39
          56
          41
          42
          59
          83
          60
          45
          31
          70
          16
          75
          48
          17
          81
          18
          79
          77
          28
          78
          30
          82
          76
          71
          69
          84
          80
          47
          72
          19
          32
          49
           4
          44
          20
          23
          58
          22
          86
          12
          85
          13
          35
          34
          11
          59
          54
          41
          42
           3
          39
          60
          55
          37
          56
          57
          45
          75
          83
          79
          81
          70
          82
          78
          77
          71
          31
          16
          72
          80
          76
          48
          17
          18
          28
           4
          69
          30
          84
          38
          47
          44
          32
          19
          20
          34
          12
          85
          23
          35
          58
          11
          54
          21
          86
          13
          57
          37
          39
           3
          55
          56
          41
          83
          45
          70
          31
          42
          59
          60
          17
          16
          48
          79
          81
          18
          28
          75
          77
          82
          30
          78
          69
          80
          71
          84
          76
          72
          19
          14
          32
          44
          47
          49
          20
          58
          22
          21
          35
          86
          34
          11
          12
          85
          13
          54
          41
          55
          56
          42
          57
          60
          37
           3
          59
          39
          83
          45
          81
          70
          75
          79
          31
          71
          48
          17
          16
          78
          82
          77
          18
          28
          84
          76
          30
          69
          72
          80
          47
          32
           4
          19
          73
          49
          27
          25
          26
          44
          33
          43
          11
          32
          81
          45
          54
          55
          82
          86
          60
          56
          23
          79
          16
          28
          57
          35
          31
          59
          71
          20
          85
          34
          37
          69
          83
          42
          39
          70
          17
          19
           4
          58
          78
          48
          76
          41
          75
          84
          18
          72
          22
           3
          30
          68
          24
          26
          27
          44
          43
          33
          11
          32
          81
          54
          45
          55
          82
          56
          86
          60
          16
          28
          79
          57
          31
          23
          35
          69
          71
          70
          34
          37
          20
          59
          85
           4
          83
          19
          39
          17
          78
          68
          76
          48
          75
          67
          42
          18
          84
          58
          30
           3
          72
          41
          25
          27
          24
          44
          43
          33
          11
          32
          81
          45
          54
          55
          82
          60
          86
          79
          56
          71
          16
          28
          35
          57
          31
          23
          59
          69
          34
          37
          20
          85
          70
          39
          19
          17
           4
          83
          42
          48
          78
          76
          58
          75
          18
          41
          84
          72
          68
          73
           3
          30
          24
          26
          25
          44
          33
          43
          11
          32
          81
          45
          55
          54
          82
          86
          60
          56
          71
          57
          59
          79
          16
          31
          28
          23
          35
          37
          85
          34
          39
          69
          20
          42
          83
          19
          70
          78
          17
          76
          75
          72
           4
          41
          48
          58
          84
          18
          47
          68
          30
          67
          16
          19
          48
          17
          31
          18
          30
          32
          83
          49
          46
          84
          47
          57
          37
          11
          34
          35
          85
          55
          77
          54
          76
          70
          86
          78
          42
          41
          44
          43
          60
          22
          56
          69
          75
           3
          71
          20
          39
          59
          23
          68
          15
          14
          12
          29
          67
          13
           4
          72
          46
          49
          84
          48
          19
          17
          30
          28
          18
           2
          32
          47
          16
          83
           4
          31
          76
          37
          77
          55
          57
          11
          60
          42
          75
          78
          41
          15
          34
          35
          54
          68
           3
          71
          56
          86
          85
          70
          73
          43
          59
          61
          69
          67
          72
          81
          14
          44
          39
           6
          18
          48
          28
          16
          19
          17
          31
          49
          32
          83
          46
          84
          47
          57
          34
          11
          37
          35
          70
          77
          85
          55
          54
          76
          69
          86
          78
          41
          22
          42
          68
          56
          75
          15
          60
          71
          14
          67
          20
           3
          43
          44
          23
          39
          59
          29
          12
          13
           4
          72
          16
          17
          28
          48
          18
          19
          30
          32
          83
          57
          49
          47
          84
          46
          37
          34
          11
          35
          85
          55
          77
          54
          76
          78
          86
          70
          42
          41
          56
          22
          39
          75
          71
          44
          69
          60
          20
          43
          59
          72
           3
          23
          12
          81
          13
          14
          68
          45
          15
          67
          16
          28
          19
          17
          31
          48
          30
          83
          18
          84
          49
          46
          47
          57
          11
          37
          44
          43
          34
          55
          35
          85
          71
          70
          60
          41
          42
          69
          54
          86
          77
          76
          78
          59
          56
          68
          15
          33
          14
          67
          75
          72
          39
          22
           3
          81
          73
          29
          20
          23
          43
          44
          32
          16
          31
          28
          79
          17
          19
          11
          57
          69
          37
          81
          85
          45
          14
          82
          60
          48
          83
          55
          54
          34
           3
          30
          80
          24
          18
          70
          71
          39
          59
          27
          35
          25
          15
          84
          56
          26
          67
          22
          42
          68
          12
          41
          86
          72
          49
          13
          35
          11
          85
          22
          57
          54
          37
          55
          20
          86
          12
          23
          31
          17
          83
          56
          16
          48
          18
          41
          39
          58
          28
           3
          60
          42
          13
          30
          70
          81
          45
          71
          84
          79
          32
          69
          77
          19
          59
          75
          78
          82
          47
          76
          72
          49
          21
          46
          80
          14
          34
          11
          22
          85
          23
          54
          86
          57
          20
          12
          55
          37
          56
          31
          58
          83
          41
          17
          16
          13
          18
          60
          48
          70
          42
          71
          28
          30
           3
          39
          45
          81
          84
          69
          59
          32
          79
          77
          19
          75
          47
          78
          21
          82
          49
          76
          72
          46
          73
          14
          59
          85
          44
          86
          37
          83
          60
          21
          22
          42
          39
          57
          41
          72
          20
          16
          55
           4
          77
          38
          13
          31
          17
          28
          58
          75
          76
           3
          32
          78
          12
          48
          47
          23
          34
          84
          19
          43
          11
          54
          33
          70
          30
          71
          67
          35
          18
          46
          15
          68
          57
          55
          54
          39
          85
          83
          56
          34
          17
          31
          75
          76
          16
          78
          77
          11
          35
          48
          42
          41
          60
          28
          86
          18
          72
          22
          59
          84
          30
          32
          19
           3
          47
          45
          71
          81
          12
          20
          49
          13
          46
          23
          82
          70
          58
          79
          38
          69
          44
           4
          53
          40
          39
          75
          72
          52
          78
          82
          50
          37
          76
          56
          55
          54
          51
          77
          57
          80
          81
          45
          85
          79
          42
          60
          34
           3
          41
          22
          59
          86
          83
          11
           4
          35
          31
          20
          58
          17
          71
           7
          23
          13
          12
          48
          16
          84
          47
          28
          21
          18
          56
          54
          37
          55
          57
          75
          45
          78
          34
          82
          38
          85
          22
          72
          77
          76
          81
          35
          12
          11
          42
          79
          20
          41
          86
          80
          13
          31
          83
          23
           3
          58
          60
          17
          59
          16
          48
          53
          71
           7
          28
          18
          40
          70
          84
          21
          44
          19
          47
          32
          53
          38
          52
          50
          51
          72
          39
          82
          75
          80
          78
          37
          76
          81
          56
          77
          79
          54
          55
          57
          45
          85
          71
          60
          34
          11
          83
          59
          86
           3
          42
          31
          22
          17
          44
          41
          35
          84
          16
          69
          47
          48
           4
          20
          12
          58
          32
          28
          19
          23
          42
          13
          86
          60
          55
          85
          37
          59
          83
          35
          34
          57
          58
          11
          12
          71
          56
          84
          54
          23
          17
          72
          31
          22
          39
          16
          48
          20
          47
          32
          18
          28
          75
          76
          77
          78
          45
          49
          46
          30
          81
          19
           3
          79
          21
          82
          73
          70
          69
           7
          41
          13
          86
          60
          37
          55
          59
          85
          83
          57
          34
          35
          11
          58
          56
          12
          54
          17
          84
          23
          72
          39
          31
          71
          48
          16
          22
          47
          20
          75
          32
          28
          76
          78
          18
          77
          45
          46
          49
          81
          19
          30
           3
          79
          82
          21
           4
          38
          73
          80
          33
          44
          32
          16
          28
          69
          31
          14
          17
          19
          30
          70
          11
          15
          48
          57
          83
          37
          18
          67
          68
          55
          54
          34
          85
          60
          79
          84
           3
          81
          35
          71
          45
          59
          56
           5
          82
           6
          49
          39
          22
          86
          80
          61
          46
           4
          41
          12
          42
          47
          43
          33
          32
          16
          31
          28
          85
          11
          57
          17
          37
          83
          69
          19
          34
          60
          55
          48
          59
          54
          70
          79
          71
          14
          30
          35
          39
          18
          81
          86
          45
           3
          84
          22
          82
          56
          42
          67
          12
          41
          15
          72
          80
          68
          20
          49
          13
          24
          47
          27
          81
          79
          82
          80
          54
          56
          39
          55
          34
          35
          12
           3
          58
          11
          37
          57
          22
          13
          60
          85
          23
          20
          42
          41
          86
           7
          72
          75
          71
          59
           8
          38
          53
          31
          51
          78
          17
          44
          16
          83
          69
          50
          70
          76
          52
          21
          48
          28
           4
          77
          49
          47
          84
          19
          18
          48
          83
          30
          17
          16
          31
          28
          32
          77
          76
          57
          78
          37
          11
          75
          34
          35
          55
          86
          41
          42
          85
          71
          70
          54
          29
          60
          72
          56
          69
          68
          59
          15
          39
          22
          23
          73
          67
          20
          14
          44
           4
          61
          13
           3
          46
          49
          83
          18
          84
          19
          48
          31
          16
          17
          77
          30
          28
          32
          76
          57
          78
          37
          75
          11
          86
          55
          34
          41
          42
          35
          85
          71
          54
          70
          72
          56
          60
          59
          39
          69
          22
          23
          20
          68
          29
          15
          13
          73
          67
          12
          44
          14
           3
           4
          18
          17
          16
          28
          30
          31
          19
          83
          49
          32
          84
          46
          47
          57
          37
          34
          11
          35
          77
          55
          54
          85
          76
          78
          70
          42
          41
          86
          75
          56
          22
          60
          39
          69
          20
           3
          71
          23
          44
          59
          68
          15
          12
          43
          13
          29
          72
          14
           4
          67
          46
          47
          19
          84
          18
          48
          83
          16
          31
          17
          30
          28
          32
          77
          57
          76
          78
          37
          11
          34
          35
          55
          75
          41
          42
          85
          70
          86
          71
          54
          56
          29
          69
          60
          72
          68
          15
          39
          22
          67
          59
          23
          20
          44
          73
          14
          43
          13
          12
           3
          52
          51
          53
          40
          82
          80
          38
          81
          79
          72
          45
          39
          56
          54
          60
          37
           3
          75
          55
          71
          11
          85
          78
          34
          76
          57
          42
          58
          59
          35
          86
           4
          22
          77
          44
          41
          31
          23
          20
          12
          17
          83
           2
          69
          13
          16
          73
          33
          84
          32
          50
          52
          53
          82
          80
          81
          40
          79
          38
          45
          72
          39
          56
          54
           3
          60
          75
          37
          55
          11
          71
          34
          85
          78
          58
          57
          35
          76
          22
          86
          42
          23
          59
           4
          20
          77
          12
          41
          44
          31
          17
          83
          73
           2
          69
          13
          16
          84
          21
          48
          50
          51
          53
          40
          82
          80
          38
          81
          79
          72
          39
          45
          56
          54
           3
          37
          75
          60
          55
          78
          71
          85
          34
          11
          57
          76
          22
          77
          35
          58
          42
          86
          59
           4
          12
          44
          20
          41
          23
          31
          17
          83
          69
          13
           2
          16
          14
          84
          48
          73
          50
          52
          51
          40
          38
          82
          80
          72
          81
          79
          39
          45
          75
          56
          37
          54
          55
          60
          78
          76
           3
          71
          85
          57
          11
          77
          34
          42
           4
          86
          59
          35
          22
          83
          41
          58
          31
          17
          23
          20
          84
          44
           2
          12
          16
          48
          13
          69
          32
          28
          56
          55
          57
          37
          39
          34
          35
          11
          45
          75
          81
          22
          78
          85
          76
          31
          82
          20
          23
          77
           3
          17
          83
          12
          86
          16
          48
          79
          60
          41
          18
          42
          58
          70
          13
          28
          72
          30
          84
          71
          80
          69
          59
          32
          19
          47
           7
          38
          49
           4
          54
          37
          56
          57
          39
          34
          35
          75
          11
          78
          76
          41
          42
          83
          45
          85
          31
          60
          17
          77
          16
          86
          48
          81
          22
          13
          18
          28
          72
          12
          84
          59
          23
          82
           3
          71
          32
          20
          58
          30
          79
          70
          19
          47
           7
          49
          69
          46
           4
          38
          54
          55
          39
          57
          37
          45
          75
          78
          34
          35
          81
          76
          11
          82
          77
          22
          41
          42
          85
          12
          13
          23
          83
          72
          79
          86
          31
          20
           7
          60
          58
          17
          48
          16
           3
          70
          38
          80
          71
          18
          84
          28
           8
          59
          69
          30
          32
          47
          19
          49
          37
          55
          54
          34
          56
          31
          39
          83
          16
          35
          17
          48
          11
          77
          78
          85
          18
          28
          76
          75
          30
          41
          22
          19
          42
          84
          86
          32
          47
          12
          70
          49
          72
          60
          13
          20
          46
          71
          45
          23
          59
          69
          81
           3
          82
          58
          44
          79
          14
          38
          23
          13
          12
          20
          22
          21
          86
          35
          85
          34
          41
          60
          11
          42
          59
          45
           3
          54
          79
          55
          81
          56
          37
          39
          57
          82
          80
          71
          83
          72
          70
          75
          17
          31
          16
          48
           4
          84
          69
          73
          78
          28
          18
          76
          77
          30
          32
          44
           8
           7
          60
          86
          85
          42
          41
          37
          58
          71
          11
          55
          72
          34
          35
          83
          13
          57
          23
          22
          12
          20
          54
          39
           3
          17
          16
          21
          31
          56
          84
          32
          79
          75
          28
          44
          48
          45
          81
          76
          47
          70
           4
          73
          69
          18
          77
          30
          82
          78
          19
          46
          59
          86
          71
          85
          11
          41
          42
          37
          55
          35
          34
          72
          58
          83
           3
          81
          79
          54
          57
          84
          73
          23
          17
          13
          56
          45
          12
          22
          32
          82
          31
          16
          39
           4
          20
          69
          48
          28
          75
          70
          80
          76
          18
          44
          30
          47
          14
          77
          78
          19
          68
          15
          67
           6
          62
           5
          14
          70
          69
          84
          73
          71
          83
          30
          32
          16
          11
          57
          49
          48
          17
          46
          18
          60
          37
          28
          55
          31
          43
          47
          76
          19
          77
          54
          35
          86
          34
          74
          85
          56
          72
          75
          78
          44
          59
           4
          22
           3
          41
          81
           6
           5
          68
          61
          15
          67
          14
          70
          69
          73
          84
          71
          83
          43
          11
          30
          32
          54
          55
          56
          57
          16
          48
          60
          37
          76
          17
          35
           4
          18
          28
          31
          34
          49
          77
          44
          81
          78
          19
          75
          46
          86
          85
           3
          47
          72
          22
          23
          74
          39
          64
          65
          66
          42
          41
          13
          83
          84
          44
          32
          60
           4
          58
          85
          59
          33
          17
          37
          48
          28
          12
          16
          57
          31
          55
          43
          36
          86
          22
          11
          56
          19
          49
          10
          34
           3
          39
          23
          72
          79
          71
          81
          82
          20
          35
          78
          80
           2
          54
          18
          65
          66
          63
          84
          83
          42
          41
          13
          32
          56
           4
          48
          55
          78
          17
          57
          49
           7
          37
          15
          28
          76
          44
          16
          31
          10
          19
           8
          54
          60
          11
          68
          81
          77
          58
          18
          34
          43
          75
          39
          82
          67
          46
          47
          70
          30
          23
          33
           2
          12
          66
          64
          63
          13
          56
          42
          83
          41
          84
          55
          78
          57
           7
          54
           8
          23
          48
          37
          58
          39
          76
          11
          22
          32
          81
          12
          10
          34
          45
          82
          75
          31
          17
          35
          77
           4
          16
          20
          28
          49
          70
          44
          85
          18
          60
          19
          86
          79
          15
          30
          65
          64
          63
          84
          56
          83
          13
          42
          41
          78
           7
          55
          57
           8
          76
          48
          10
          32
          54
          49
          77
          37
          17
          31
          75
          16
          28
          39
          11
          18
          19
          34
          47
          23
          35
          12
          46
          58
          70
          22
          30
           4
          81
          45
          15
          68
          20
          60
          82
          86
          68
           5
          15
           6
          70
          61
          14
          62
          69
          84
          83
          11
          30
          71
          57
          16
          32
          73
          35
          54
          55
          48
          31
          34
          43
          17
          18
          37
          28
          85
          86
          60
          56
          44
          19
          49
          77
          22
          76
          46
          47
          78
          23
          75
          59
           3
          20
          81
          72
          12
          15
          67
           6
           5
          61
          62
          70
          14
          69
          84
          83
          30
          32
          11
          16
          48
          71
          57
          17
          28
          31
          18
          73
          54
          37
          55
          49
          19
          76
          43
          77
          35
          46
          34
          60
          56
          47
          78
          85
          86
          75
          44
           4
          22
          72
           3
          81
          59
          23
          39
          14
          70
          67
          68
          15
          11
          71
           5
           6
          35
          61
          34
          73
          57
          16
          31
          83
          85
          54
          84
          30
          32
          17
          86
          60
          62
          55
          37
          18
          28
          43
          48
          44
          22
          56
          19
          81
          12
          72
          49
          23
          59
           3
          20
          77
          47
          79
          46
          39
          45
          69
          67
          14
          68
          15
          11
           5
          35
          34
           6
          57
          83
          30
          16
          84
          54
          61
          31
          18
          85
          48
          71
          22
          86
          17
          55
          28
          37
          32
          56
          62
          23
          20
          19
          73
          60
          77
          12
          49
          47
          46
          78
          76
          44
          43
          39
           3
          75
          41
          59
          73
          60
          72
          11
          86
          69
          35
          85
          34
          41
          59
          83
          84
          57
          37
          55
          42
          70
          32
          31
          54
          17
          81
          16
          56
          14
          74
          47
          79
          12
          82
          48
          46
          58
          39
          49
          28
          23
          18
          22
          77
          30
          76
          13
          75
          45
          67
          19
          68
          44
          71
          37
          60
          39
          55
          75
          86
          57
          85
          59
          42
          41
          56
          76
          38
          82
          78
          77
          54
          11
          83
          53
          34
          81
          40
          35
          84
          31
          79
          73
          17
          45
          47
          80
          16
          22
          69
          32
          58
          12
          50
          46
          48
          52
          13
          49
          23
          51
          70
          28
          71
          69
          60
          74
          11
          70
          86
          35
          84
          14
          72
          34
          41
          67
          83
          68
          59
          61
          15
          55
          81
          85
          32
          42
          57
          54
          37
          56
          17
           5
          58
          31
          23
          16
          79
          46
          47
          49
           6
          12
          30
          18
          48
          62
          82
          28
          13
          45
          22
          76
          73
          71
          60
          72
          59
          41
          84
          42
          86
          83
          69
          32
          61
          11
          47
          46
          55
          85
          15
          67
          68
          37
          70
          14
          49
          57
          35
          17
          16
          31
          34
          13
          44
          76
          28
          58
          56
          48
          81
          30
          19
          54
          18
           5
          62
          75
           6
          77
          43
          79
          76
          78
          77
          37
          55
          56
          54
          39
          57
          38
          83
          72
          34
          47
          86
          11
          48
          85
          31
          35
          17
          42
          84
          16
          41
          46
          18
          49
          22
          23
          60
          28
          20
          81
          19
          30
          82
          59
          71
          45
           4
           3
          70
          32
          53
          13
          58
          12
           7
          40
          78
          75
          77
          37
          57
          55
          56
          83
          47
          54
          39
          84
          46
          48
          49
          31
          17
          16
          18
          72
          28
          19
          11
          34
          30
          42
          38
          86
          85
          35
          41
          32
          60
          71
          70
          22
           4
          23
          20
          59
          81
          68
          82
          15
          45
           3
          69
          13
          53
          67
          78
          76
          75
          57
          47
          37
          83
          46
          49
          31
          48
          55
          18
          54
          84
          56
          16
          17
          39
          19
          28
          30
          34
          11
          72
          85
          35
          86
          42
          32
          41
          22
          70
          38
          20
          71
          23
          60
          59
          69
          68
          15
          12
          13
          81
          82
           3
          67
          45
           4
          76
          77
          75
          57
          37
          56
          55
          54
          39
          83
          47
          31
          48
          84
          17
          49
          16
          46
          18
          34
          72
          38
          11
          28
          35
          19
          42
          85
          86
          30
          41
          22
          32
          20
          23
          70
          71
          60
          82
          81
          45
          59
          13
          12
           4
           3
           7
          68
          69
          53
          81
          80
          82
          45
           3
          54
          60
          34
          11
          58
          56
          39
          35
          55
          12
          85
          37
          22
          51
          53
          57
          71
          23
          50
          13
          72
          20
          52
          86
          59
          42
          41
          44
          69
          17
          38
          31
          83
           4
          43
          14
          75
          16
          70
          32
          73
          48
          21
          33
          28
          79
          82
          81
          45
          51
          52
          50
           3
          53
          39
          54
          56
          34
          58
          12
          60
          11
          55
          22
          35
          37
          85
          72
          38
          57
          13
          71
          20
          23
          42
          41
          86
          40
          44
          59
          75
          69
          31
          17
          83
          14
          78
          43
          21
          16
           4
          70
          33
          76
          48
          79
          82
          45
          80
          54
          56
          11
           3
          55
          34
          60
          39
          35
          37
          58
          57
          51
          53
          85
          71
          72
          22
          12
          23
          50
          86
          20
          42
          52
          41
          75
          13
          69
          17
          31
          38
          83
          59
          78
           4
          70
          44
          16
          76
          73
          14
          48
          32
          84
          28
          81
          80
          79
          45
          39
          56
          54
          51
          53
          50
          52
          55
          72
          34
          11
          37
           3
          38
          60
          35
          57
          58
          85
          22
          12
          71
          75
          23
          42
          20
          86
          13
          41
          40
          78
          59
          44
          31
          76
          83
          17
          69
          77
          16
          70
          48
           4
          32
          84
           7
          84
          17
          48
          16
          31
          28
          18
          49
          47
          32
          30
          19
          57
          46
          37
          11
          85
          34
          77
          55
          41
          86
          35
          42
          76
          78
          60
          54
          70
          71
          75
          56
          59
          22
          72
          39
          69
          23
          20
          13
          68
          15
           3
          12
          44
          67
          14
          58
           4
          81
          83
          49
          46
          17
          48
          47
          32
          16
          18
          31
          30
          28
          19
          11
          57
          37
          77
          76
          34
          71
          41
          35
          55
          70
          42
          86
          60
          78
          85
          54
          75
          68
          69
          15
          56
          72
          67
          73
          59
          14
          22
          23
          39
          29
           4
          20
          13
          61
           3
          44
          86
          34
          22
          11
          35
          37
          59
          20
          57
          60
          83
          23
          12
          41
          42
          55
          54
          31
          58
          17
          39
          16
          13
           3
          71
          48
          28
          72
          56
          18
          21
          30
          84
          70
          32
          77
          75
          79
          19
          69
          81
          47
          45
          78
          44
          76
          82
          49
          46
          80
          85
          59
          11
          35
          23
          60
          34
          20
          41
          42
          58
          22
          83
          71
          37
          57
          55
          12
          13
          54
          21
          72
          31
          17
          16
          84
          56
          39
          75
          70
          48
          47
          77
          28
          18
          76
           3
          78
          30
          32
          69
          46
          73
          81
          49
          45
          19
          79
          82
          44
