           5
         254
         161
         137
          82
         275
         197
         162
         407
         330
         310
         322
         362
          58
         219
         364
         383
         168
         287
         290
         348
         262
         158
          64
         171
         260
         201
         383
          82
          33
         197
         220
         133
         190
         116
         301
         298
          30
         190
          35
         110
          95
          10
         195
          40
         277
         129
          98
         284
         185
         399
          22
         219
          31
          63
         403
         403
         343
          15
         309
         287
         270
         153
           7
         121
          32
         195
         284
         190
         153
         399
          63
         118
         185
         200
         165
         253
         212
         327
         220
         121
          31
         153
         344
         169
         176
         235
         213
         177
         332
         236
         221
          76
         311
          59
          60
         400
         326
         403
          40
         339
           7
         343
         277
           9
         271
         339
         187
         209
         303
         324
         110
         165
          30
          11
         108
          72
          65
         195
         314
          62
         394
         104
         229
         360
         395
         141
         318
          31
         129
         143
         298
         222
         112
         123
          88
         182
          74
          36
         154
          95
         331
         196
         114
         287
         155
         179
         185
         151
         247
          24
         399
         362
         407
         149
         166
         336
         242
         245
         273
         338
         199
         377
         282
         247
          22
         215
         153
         287
         219
          35
         196
          49
         353
         179
         219
         230
         300
         155
         350
         344
         178
         153
          40
         220
          30
         133
           6
         132
         104
         407
          62
          18
         365
         160
          50
          40
          27
           7
         403
          30
         133
          71
         220
           6
         108
         211
         165
          63
          40
         222
         399
         318
         195
          54
         143
         165
          70
         195
          10
         277
         284
          49
         316
          82
         321
         289
         108
         284
         220
         316
         305
         296
         235
         355
         240
          13
         149
         287
         374
         356
         168
           6
         408
          25
         228
         155
         123
         350
         364
          26
         244
          43
         218
         303
         189
         362
         378
         369
         404
         171
         147
         124
         125
         233
         346
         304
         398
         230
         416
         305
         214
         341
          27
          30
           6
         153
         165
           7
          31
         399
         115
         230
          78
          98
         129
         270
         365
         394
         305
          13
          50
         160
         341
         303
          37
         407
         246
         218
         125
         267
          50
         343
         247
         129
         375
         399
         199
          89
          66
         189
         184
         171
          51
         260
         301
          57
         110
         298
         276
         251
         178
         182
         241
         156
         171
         135
         140
         261
         274
         149
         355
         338
         363
         296
         319
         109
         179
         156
          25
         239
         316
         327
         341
         247
         251
         399
         199
          44
         270
         266
          86
         204
          45
         117
         184
         228
         172
         205
         245
         184
         414
         225
         260
         208
         293
         203
         313
         206
         147
         347
          31
         195
         284
         165
          11
         281
          63
         281
         284
         195
          54
         192
         349
         289
          79
         399
         195
          98
         200
          41
         264
         251
          72
         189
         178
         110
         362
          89
          43
         201
           2
         267
         235
         246
         414
         211
         377
         182
          63
         308
          76
         112
         311
         294
         221
         301
         216
          64
         178
         326
         200
         221
         248
         118
         151
         178
         314
         104
         407
          18
         272
         390
         271
          11
          59
         211
         220
         316
          70
         185
         178
         311
         118
         226
         201
         244
         185
          82
         108
          63
         284
         220
          67
         316
         126
          45
          89
         171
         336
         189
         173
          99
         117
          96
         292
         108
         155
         187
         415
          35
         211
           3
         116
         287
         408
         310
         375
         115
         277
          81
         129
         134
          32
          63
          59
         316
          49
         350
         307
         232
          17
         132
         165
         151
         100
         183
          57
         178
         243
         110
         132
         186
         118
         277
         341
          91
          50
          88
         286
         399
         305
          20
         229
         160
         154
          76
         350
          78
          41
         101
         375
         310
          69
         230
         350
         340
         351
         292
          59
         364
         308
         255
          59
         182
          81
         308
         112
          66
         230
         168
         328
          22
         121
         343
         287
         111
         195
         335
          98
         289
         321
          32
         126
          66
         166
         338
         122
         336
         149
         255
         109
         112
         226
         256
          11
         237
          33
         220
          65
         284
         316
         108
          67
         225
         279
         391
         158
         180
         351
         340
          99
         167
         289
         253
         280
         228
          21
         154
          20
          74
          94
          66
         126
         103
         167
         250
         110
         189
          51
         266
         412
         237
         112
         260
         245
          59
          94
          45
          20
         112
         182
          36
          11
         123
         200
          45
         189
         171
         184
          66
          57
         260
          51
          47
          57
         105
         182
         120
         202
         277
          98
         195
          73
          88
          81
         113
          47
         109
         156
         112
          68
         117
         101
         311
         158
         157
         170
         351
         260
         226
         237
         256
         112
         135
          59
         241
         360
         331
         287
          21
         309
         219
         196
         131
          99
          84
         123
          67
         155
         228
         167
         312
         232
         183
         207
         362
         110
         204
         195
         277
         115
         399
          41
          91
         129
         167
          96
          67
          84
         292
         179
         187
          97
         130
         132
         134
         140
         186
         110
         187
         131
         110
         209
         117
         192
         130
         142
         134
         204
         100
         117
         140
         101
         148
         273
         338
          85
         336
         360
         210
          62
         407
          18
         125
         314
         160
         148
         186
         250
          86
         244
          90
         260
         169
         154
         255
          66
         202
         126
         251
         124
         325
         124
         163
          66
         139
         171
         166
         220
         284
          82
          30
          65
          67
          33
         135
          49
         112
         292
          81
         156
         143
         189
         362
         298
         167
          57
         187
         132
          79
         228
          84
         253
         321
          96
         244
          20
         182
         109
          59
          88
          94
          81
         199
         143
         282
         321
         109
         182
          49
         133
          21
          95
         196
         292
         316
         211
         399
         134
         129
          41
         337
          98
         186
         321
         327
         344
         328
          68
          49
          35
          67
          99
          51
         101
         131
          86
         108
         178
          64
         244
         226
         251
         311
         221
         242
         184
         286
         325
         237
         319
         146
         312
         183
         249
         308
         204
          90
         243
         153
          78
          10
         230
         328
         343
         168
         126
          80
          66
         166
         338
         107
         346
         155
         350
          26
          36
          20
         196
          96
         139
         171
         189
         144
         404
         202
         295
         404
         147
         171
         314
         241
         104
          62
          66
         336
          80
          45
         122
         173
         154
         133
          95
         196
         197
         190
         179
         131
         218
         159
         271
         407
         256
          47
         336
          31
         310
         399
         115
         318
         337
         375
         140
         362
         110
          57
         132
         187
         189
         309
         196
         187
         287
         168
          95
         219
         110
         232
          72
         243
         331
          97
          95
         127
         114
          95
          30
         220
         211
         197
         186
         115
         204
         310
         100
         142
          22
         292
         157
         109
         241
         170
         156
         211
         317
         146
         250
         202
         144
         260
         290
         321
         197
          67
         116
          33
         334
         190
         219
         127
         196
         190
          26
         222
         300
         124
         144
         295
         189
         171
         202
         252
         153
         182
         215
          72
          47
         132
         377
         318
         298
         222
          19
         327
         129
          31
         204
         348
         102
         134
         183
          97
         209
         187
         318
         222
         250
         251
         327
         199
         139
         252
         295
         124
         366
         176
         250
         147
          37
         150
         139
         125
          38
         257
         176
         233
         136
         319
         260
         202
         261
         125
         210
         171
         203
          38
         173
         360
         173
         336
         103
         360
         104
         218
         229
         338
         210
         355
          23
         296
         342
         261
         313
         378
         145
          53
          38
         208
         257
         178
          22
          72
         247
         185
          64
         362
         345
         371
          95
         393
         287
         340
         196
          27
         140
         343
         121
         230
         215
          24
          20
          57
          66
          85
         106
          45
          74
         228
         350
          26
         411
         364
         123
         196
         324
         292
         135
          47
         241
           3
         109
         135
         211
         292
         158
         241
         207
         260
          93
         157
           4
         180
         207
         260
         262
         218
          37
         360
         173
         189
         249
         130
         407
         400
         256
          50
          62
         326
         270
          67
         254
         364
          95
         179
         292
          82
           2
         407
         194
         330
          28
         104
         134
         210
         325
         171
         166
         107
         273
         260
         177
         124
         171
         404
         193
         257
           4
         186
          17
          11
          30
          31
          54
         195
         273
          23
         149
         336
          80
         279
         163
          99
          86
         110
         178
         412
         189
         280
         219
         222
         287
         196
         300
         187
         356
         251
         176
         118
          13
         178
         252
         317
         280
         311
         179
         315
         228
         135
         244
          89
         189
         404
         260
         241
         218
           4
         260
          52
         184
         158
          37
         171
         252
         171
         148
         147
          45
          66
          37
          89
         360
         273
         299
         245
         326
         263
         235
         412
         351
         374
          64
         311
         369
         178
         290
         169
         252
         202
         177
          13
         266
         176
         359
         290
         252
          13
         164
         171
         118
          64
         412
         311
         244
         251
         151
         280
         292
         170
         196
         351
          99
         359
         158
         207
         369
         262
         374
          93
           4
          26
         118
         178
          64
         219
         222
         311
          47
         377
         140
         215
          59
         199
         211
          97
         204
         232
         312
         186
         142
         108
         326
         242
         245
         252
          89
         260
         205
           8
          22
         368
         399
         219
         403
          64
         165
         188
          72
         204
          97
         134
         105
         131
         168
         222
          99
         110
         362
         298
         186
         165
         151
         200
         115
          72
         108
         362
         110
          89
         241
         178
          57
         171
         197
         196
           6
          95
         219
         127
         222
         275
         280
         269
         228
         321
         179
         170
         132
         187
          67
         131
         298
         153
         101
         293
         342
           4
         386
         158
          53
         261
         276
           2
         162
         104
         160
         407
          72
         284
          31
         399
          54
          98
          32
         277
         219
         131
         287
         168
          95
         179
         222
         190
         127
         179
         196
         222
         220
          30
         217
         350
         178
         351
         214
          76
         331
          24
         282
         377
         344
         182
         416
         113
          11
          61
         248
         244
         118
         399
         151
          64
         226
         189
          89
           4
         118
         262
         295
         171
         290
         241
         176
         252
         279
         240
         147
         338
         235
          53
         347
          13
         142
         183
          97
         186
         189
          51
         134
         184
         245
         242
         296
         414
          52
         252
         386
          43
         210
         246
          53
         354
         293
         232
         189
          97
         331
         157
         241
         110
         347
         257
         313
          53
         293
         147
         378
         330
         298
         110
         310
         303
         222
         131
         235
         273
         163
         213
         296
         149
         360
         157
          59
         292
         182
         241
         377
          63
         344
         215
         182
          24
          12
         230
         153
         235
         332
         236
         414
         210
         252
         357
         416
         305
         198
         217
          39
         231
         244
         377
         182
         199
          24
         211
         331
         153
          60
         221
         118
         248
         315
         280
         335
         282
         377
         416
         198
         352
         199
         312
         271
         303
         159
          37
          43
         336
         171
         300
         287
         196
         168
         222
         350
          95
          82
         108
          30
         316
         284
          63
          33
         315
         326
         118
         178
         389
         244
         307
         318
         219
         168
         143
         344
          31
         385
         406
         398
         344
         397
         318
         375
         310
         168
         268
         385
         339
         383
         324
         283
         260
          83
         198
         279
         376
         245
         364
          64
         118
         311
         178
         241
         253
         255
         126
          66
         338
         236
         342
          80
         171
         280
         155
          36
         170
         244
         179
         376
         305
          18
          76
         198
         314
         148
          74
          78
         344
          26
         287
         350
         328
         168
         412
         178
         214
         416
         198
         344
          64
         207
          97
         132
         110
         183
         189
         362
         258
         261
         146
         383
         324
         213
         226
         397
         402
         359
         385
         300
         380
         357
         213
         210
         240
         296
         414
         323
         332
         213
         252
         235
         144
         414
          13
         332
          87
          94
         260
         135
         241
         112
         157
         190
          25
         288
         219
         353
         196
         179
         364
         350
          36
         319
         307
         363
         230
         355
         235
         296
         203
         323
         338
         210
         260
         362
         377
         189
         135
         157
         211
         184
         245
         325
         119
         205
         252
         291
         308
          72
         132
          57
         352
         151
         270
         118
         178
          64
         280
         315
         412
         228
         184
         242
         291
         414
         205
         326
         235
          43
         357
         267
         206
         354
         347
         235
          50
         318
          22
          24
         199
         397
         272
         244
         200
         221
          61
         216
         118
         315
         260
          97
         189
         362
         241
         312
         232
         143
          86
         176
         144
         136
         169
         167
         341
          57
         169
         178
         118
         399
          50
         290
         144
         295
         176
         184
         236
         169
         118
         264
         178
         280
          99
         226
          11
         161
          51
         391
         183
          67
         266
         312
         324
         241
          77
          81
         226
         135
         341
         407
         160
          94
          62
          81
          59
          43
         208
         347
         392
         313
         378
          37
         303
         319
         324
         261
         233
         383
         226
         156
         301
         294
          60
           6
          46
         298
         403
         241
         172
         184
         171
         189
          89
         290
         319
         258
         233
         324
         383
         135
          47
           4
         201
          64
         158
         348
         180
         290
         279
         295
         174
         325
         144
         299
         202
         253
         251
         118
          57
         276
         178
         167
         202
         312
         182
         228
         241
         351
         198
         290
          51
         228
         331
         155
           3
          86
          43
          22
         310
         375
         185
           8
         368
         383
         385
         224
         347
         324
         303
         375
         167
         191
         280
         275
          84
         179
          86
         399
         185
          22
          50
         251
          11
          72
         218
         303
          16
          43
         314
          62
         407
         362
         366
         398
         314
         416
          62
         247
         360
         210
         174
         338
         355
         235
         103
         398
         305
         314
         394
         363
         168
         381
         191
         280
         269
         228
         412
          84
         167
         341
         251
         333
         118
          46
         294
          57
          98
         195
          91
         399
          31
          32
          44
         366
         303
         397
         404
         293
         402
         252
         263
         202
         295
         391
         225
         260
         252
         228
         191
         179
         170
         412
         178
         167
          54
          55
         284
         195
         289
         321
         334
         217
         199
         416
          24
         377
         215
         344
         339
         383
         324
         196
         258
         381
         168
          82
         195
         108
         289
         220
         316
         321
         321
         334
         113
         191
         111
         280
         228
         182
         258
         118
          26
         226
         244
          89
          95
         219
         331
         168
         196
         309
          35
         374
         287
          35
         320
         331
          95
         345
          33
         284
         316
          84
         321
         253
         108
         266
         176
         359
         252
         202
         260
           3
         245
         242
         149
         205
          23
         213
         326
         135
         157
         179
          99
         211
         364
         351
         193
         278
           4
         313
         303
         208
          53
         301
         298
         259
          60
         311
         178
         400
         139
         252
         202
         144
         279
         379
         263
         355
         235
         396
         210
         240
         252
         295
         376
         409
         266
         393
         228
         416
         155
         110
         209
           6
         222
         141
         187
         318
         326
         252
         221
         198
         144
         305
         295
         219
         409
         350
         168
         287
         196
         222
          46
         178
           6
         294
         259
         167
         335
          84
         301
           6
         259
         167
         298
         289
         383
         362
          43
         271
         218
         347
         189
         398
         341
          39
         251
          50
         333
         356
         350
         214
         274
          74
         229
         394
         230
         229
         347
         208
         257
         400
         314
         271
         389
         315
         350
         359
         155
         280
          36
         352
         243
          59
          76
         217
         341
         182
         131
         287
          95
         331
         196
         219
         345
         375
         129
         209
         318
         322
          31
         385
          64
         178
          93
          60
         170
         118
         351
          97
         412
         167
         207
         331
         178
         120
         208
         257
         378
         293
         392
         347
          53
          18
          62
         394
         272
         347
         274
         390
         307
         221
         389
         170
         350
         244
          64
         220
         289
          63
          82
         284
          33
         108
         176
         136
         169
          13
         252
         146
         244
         222
         143
         397
         322
         247
         344
         141
         261
         258
         239
         146
         324
          47
         135
         374
         288
         393
         408
         369
         412
         180
          33
         289
         280
         284
         253
         228
         116
         404
         318
         303
         310
         380
         362
         209
         355
         413
         235
         240
         296
         357
         338
         346
         383
         255
         258
         241
         156
         404
         242
         107
         202
         295
         124
         146
         163
         184
          61
         221
         299
         118
         245
         178
         143
         141
         222
         116
         328
          49
         187
         230
          78
         168
         364
          36
         344
         327
         344
         190
         222
         219
         300
         335
         318
         209
         371
           2
         303
         378
         322
         298
          95
         287
         309
         207
         362
         132
          21
         213
         235
          13
         236
         317
         203
         169
         276
         251
         304
          46
         341
         294
         187
         409
         228
         280
         376
         155
         307
          36
         301
         190
         280
         329
         178
         216
         196
         218
         148
          66
         126
          76
         245
         383
         129
         115
         134
         310
          31
          41
          22
         355
         149
         273
         210
         203
         240
         323
         283
          16
         168
         403
         375
         287
         196
          76
         311
         351
          99
         152
         179
         178
          50
         251
         276
         304
         399
         118
         178
         193
         149
         261
         383
         135
         363
          76
         153
          78
          44
         230
         129
         121
         247
         230
         219
         287
          26
         168
         222
         199
         152
         287
         219
          95
         331
         303
         371
         324
         255
         404
         388
         314
         410
         383
         208
         257
         303
         314
         271
         218
         268
           3
         209
         262
         142
         393
         219
         127
          32
         289
         284
         195
         282
           7
           6
         307
         300
         364
         409
         376
         389
         219
         175
         311
         241
         179
         374
          76
         292
         308
         217
         243
          59
         282
         182
         377
         179
         408
         374
         359
          25
         170
         351
          43
         382
         206
         357
         246
         324
         233
         240
         338
         296
         323
         210
         149
         235
         359
         168
         366
          35
         398
         318
         222
         246
         213
         235
          43
         323
         354
         397
         198
         295
          18
         390
         279
         296
         360
         356
         307
         290
         219
         179
         155
         168
         273
         174
         210
         148
         235
          43
          18
         406
         168
         385
         283
          49
         375
         224
         189
         110
         303
         407
         272
         178
          57
         274
         239
         305
         307
         272
         350
         398
         350
         287
         155
         239
           3
         292
         219
         394
         251
          42
         304
         169
          50
         398
         382
         356
         272
         278
         144
         404
         252
         375
         397
         310
         368
         322
         247
         246
         397
         185
         372
         303
         247
          22
         401
         241
          97
         180
         175
          37
         362
         377
         116
         328
         168
          35
         239
          68
         356
         152
         345
         330
         300
         397
         287
         303
         368
         409
         221
         401
         350
         315
         376
         393
         376
         409
           3
         290
         359
         402
         408
          35
         288
         351
         175
          95
         179
         310
         406
         168
         322
         385
         318
         339
         409
         350
         307
         155
         393
         300
         219
         215
         199
         241
         182
          59
         217
          24
          37
         257
         303
         313
         330
         209
         347
         382
         295
         366
         252
         144
         404
         139
         322
         345
         318
         371
         397
         330
         152
         274
         375
         322
         283
         339
         406
         398
         366
         379
         404
         354
         278
         272
         144
         324
         303
         268
           3
         219
         168
         385
         398
         372
          42
          39
         363
         394
         283
         222
         168
         310
         268
         318
         383
         209
         206
         193
          53
         293
         210
         354
         262
         355
         360
         273
         210
         149
         240
          18
         346
         366
         395
         278
         324
         314
         144
         307
         350
         315
         221
         376
         409
         300
          62
         314
         271
         272
         241
          18
         125
         279
         292
         152
         340
          95
         331
         159
         257
          37
         313
         378
         208
         278
         400
         409
         376
         152
         373
         348
         359
         179
         365
         314
          18
         274
         305
          42
         398
         314
          18
         388
         394
         366
         323
         299
         296
         252
         402
         295
         299
         205
         355
         368
         318
         247
         398
         356
         272
         322
         274
         272
         304
         397
         416
         356
         300
         270
          11
         251
         185
          31
          50
          22
         303
         160
          76
         271
         294
         368
         314
         403
         185
         368
           8
         300
         372
         219
         278
         397
         274
         252
         382
         398
         409
         401
         185
          31
         339
         222
         399
         270
         322
         171
         125
         324
         303
         124
         347
         283
         359
         307
          25
         196
         361
         363
         375
         361
         223
         381
         397
         283
         168
         362
          43
         160
         256
          62
          22
         272
         374
         353
          35
         209
           3
         287
         415
         300
         376
         350
         393
         219
         416
         287
         404
         324
         346
         268
         385
         347
         156
         155
           3
         364
         219
         196
         359
         350
         231
         280
         178
         312
          64
         167
         244
         323
         235
         357
         299
         104
         293
         174
         245
         235
         213
         184
          43
         252
         205
          68
         110
         167
         207
         189
         179
         374
         282
         217
         214
         272
         199
         350
         409
