           2
           3
           4
           5
           6
           7
           8
           9
          10
          11
          12
          13
          14
          15
          16
          17
          18
          19
          20
          21
          22
          23
          24
          25
          26
          27
          28
          29
          30
          31
          32
          33
          34
          35
          36
          37
          38
          39
          40
          41
          42
          43
          44
          45
          46
          47
          48
          49
          50
          51
           3
           1
           4
           5
           6
           7
           8
           9
          10
          11
          12
          13
          14
          15
          16
          17
          18
          19
          20
          21
          22
          23
          24
          25
          26
          27
          28
          29
          30
          31
          32
          33
          34
          35
          36
          37
          38
          39
          40
          41
          42
          43
          44
          45
          46
          47
          48
          49
          50
          51
           2
           4
           1
           5
           6
           7
           8
           9
          10
          11
          12
          13
          14
          15
          16
          17
          18
          19
          20
          21
          22
          23
          24
          25
          26
          27
          28
          29
          30
          31
          32
          33
          34
          35
          36
          37
          38
          39
          40
          41
          42
          43
          44
          45
          46
          47
          48
          49
          50
          51
           3
           5
           2
           6
           1
           7
           8
           9
          10
          11
          12
          13
          14
          15
          16
          17
          18
          19
          20
          21
          22
          23
          24
          25
          26
          27
          28
          29
          30
          31
          32
          33
          34
          35
          36
          37
          38
          39
          40
          41
          42
          43
          44
          45
          46
          47
          48
          49
          50
          51
           6
           4
           3
           7
           2
           8
           9
           1
          10
          11
          12
          13
          14
          15
          16
          17
          18
          19
          20
          21
          22
          23
          24
          25
          26
          27
          28
          29
          30
          31
          32
          33
          34
          35
          36
          37
          38
          39
          40
          41
          42
          43
          44
          45
          46
          47
          48
          49
          50
          51
           5
           7
           4
           8
           9
           3
          10
           2
          11
           1
          12
          13
          14
          15
          16
          17
          18
          19
          20
          21
          22
          23
          24
          25
          26
          27
          28
          29
          30
          31
          32
          33
          34
          35
          36
          37
          38
          39
          40
          41
          42
          43
          44
          45
          46
          47
          48
          49
          50
          51
           6
           8
           9
           5
          10
           4
           3
          11
          12
           2
          13
           1
          14
          15
          16
          17
          18
          19
          20
          21
          22
          23
          24
          25
          26
          27
          28
          29
          30
          31
          32
          33
          34
          35
          36
          37
          38
          39
          40
          41
          42
          43
          44
          45
          46
          47
          48
          49
          50
          51
           9
           7
          10
           6
          11
           5
          12
           4
          13
           3
          14
           2
          15
           1
          16
          17
          18
          19
          20
          21
          22
          23
          24
          25
          26
          27
          28
          29
          30
          31
          32
          33
          34
          35
          36
          37
          38
          39
          40
          41
          42
          43
          44
          45
          46
          47
          48
          49
          50
          51
           8
          10
           7
          11
           6
          12
           5
          13
           4
          14
           3
          15
           2
          16
           1
          17
          18
          19
          20
          21
          22
          23
          24
          25
          26
          27
          28
          29
          30
          31
          32
          33
          34
          35
          36
          37
          38
          39
          40
          41
          42
          43
          44
          45
          46
          47
          48
          49
          50
          51
           9
          11
           8
          12
           7
          13
           6
          14
           5
          15
           4
          16
           3
          17
           2
          18
           1
          19
          20
          21
          22
          23
          24
          25
          26
          27
          28
          29
          30
          31
          32
          33
          34
          35
          36
          37
          38
          39
          40
          41
          42
          43
          44
          45
          46
          47
          48
          49
          50
          51
          10
          12
          13
           9
           8
          14
           7
          15
          16
           6
           5
          17
           4
          18
          19
           3
          20
           2
           1
          21
          22
          23
          24
          25
          26
          27
          28
          29
          30
          31
          32
          33
          34
          35
          36
          37
          38
          39
          40
          41
          42
          43
          44
          45
          46
          47
          48
          49
          50
          51
          13
          11
          14
          10
          15
           9
           8
          16
           7
          17
          18
           6
          19
           5
          20
           4
          21
           3
           2
          22
          23
           1
          24
          25
          26
          27
          28
          29
          30
          31
          32
          33
          34
          35
          36
          37
          38
          39
          40
          41
          42
          43
          44
          45
          46
          47
          48
          49
          50
          51
          12
          14
          11
          15
          16
          10
          17
           9
          18
           8
           7
          19
          20
           6
           5
          21
           4
          22
          23
           3
          24
           2
           1
          25
          26
          27
          28
          29
          30
          31
          32
          33
          34
          35
          36
          37
          38
          39
          40
          41
          42
          43
          44
          45
          46
          47
          48
          49
          50
          51
          13
          15
          12
          16
          11
          17
          18
          10
          19
           9
           8
          20
           7
          21
          22
           6
           5
          23
          24
           4
           3
          25
          26
           2
          27
           1
          28
          29
          30
          31
          32
          33
          34
          35
          36
          37
          38
          39
          40
          41
          42
          43
          44
          45
          46
          47
          48
          49
          50
          51
          16
          14
          17
          13
          12
          18
          19
          11
          20
          10
          21
           9
          22
           8
          23
           7
          24
           6
          25
           5
          26
           4
          27
           3
          28
           2
          29
           1
          30
          31
          32
          33
          34
          35
          36
          37
          38
          39
          40
          41
          42
          43
          44
          45
          46
          47
          48
          49
          50
          51
          17
          15
          18
          14
          19
          13
          20
          12
          21
          11
          22
          10
          23
           9
          24
           8
          25
           7
          26
           6
          27
           5
          28
           4
          29
           3
          30
           2
          31
           1
          32
          33
          34
          35
          36
          37
          38
          39
          40
          41
          42
          43
          44
          45
          46
          47
          48
          49
          50
          51
          16
          18
          19
          15
          20
          14
          13
          21
          12
          22
          11
          23
          24
          10
           9
          25
           8
          26
           7
          27
           6
          28
           5
          29
          30
           4
          31
           3
           2
          32
          33
           1
          34
          35
          36
          37
          38
          39
          40
          41
          42
          43
          44
          45
          46
          47
          48
          49
          50
          51
          19
          17
          20
          16
          21
          15
          22
          14
          13
          23
          24
          12
          25
          11
          26
          10
           9
          27
           8
          28
          29
           7
          30
           6
           5
          31
          32
           4
          33
           3
           2
          34
          35
           1
          36
          37
          38
          39
          40
          41
          42
          43
          44
          45
          46
          47
          48
          49
          50
          51
          18
          20
          17
          21
          16
          22
          15
          23
          24
          14
          13
          25
          12
          26
          11
          27
          28
          10
           9
          29
           8
          30
           7
          31
           6
          32
           5
          33
           4
          34
          35
           3
           2
          36
          37
           1
          38
          39
          40
          41
          42
          43
          44
          45
          46
          47
          48
          49
          50
          51
          19
          21
          18
          22
          17
          23
          16
          24
          15
          25
          14
          26
          13
          27
          12
          28
          11
          29
          10
          30
           9
          31
           8
          32
           7
          33
          34
           6
           5
          35
           4
          36
           3
          37
           2
          38
          39
           1
          40
          41
          42
          43
          44
          45
          46
          47
          48
          49
          50
          51
          22
          20
          23
          19
          18
          24
          17
          25
          16
          26
          15
          27
          14
          28
          13
          29
          12
          30
          11
          31
          32
          10
           9
          33
           8
          34
          35
           7
           6
          36
           5
          37
          38
           4
          39
           3
           2
          40
          41
           1
          42
          43
          44
          45
          46
          47
          48
          49
          50
          51
          23
          21
          20
          24
          25
          19
          18
          26
          27
          17
          28
          16
          15
          29
          30
          14
          31
          13
          32
          12
          11
          33
          34
          10
           9
          35
           8
          36
          37
           7
           6
          38
          39
           5
          40
           4
          41
           3
          42
           2
          43
           1
          44
          45
          46
          47
          48
          49
          50
          51
          22
          24
          25
          21
          26
          20
          27
          19
          18
          28
          29
          17
          16
          30
          15
          31
          14
          32
          13
          33
          34
          12
          11
          35
          36
          10
          37
           9
           8
          38
          39
           7
          40
           6
           5
          41
           4
          42
          43
           3
           2
          44
           1
          45
          46
          47
          48
          49
          50
          51
          23
          25
          22
          26
          21
          27
          20
          28
          19
          29
          18
          30
          17
          31
          16
          32
          15
          33
          14
          34
          13
          35
          12
          36
          11
          37
          10
          38
           9
          39
           8
          40
           7
          41
           6
          42
           5
          43
           4
          44
           3
          45
           2
          46
          47
           1
          48
          49
          50
          51
          26
          24
          23
          27
          28
          22
          29
          21
          30
          20
          31
          19
          18
          32
          33
          17
          16
          34
          15
          35
          36
          14
          37
          13
          12
          38
          11
          39
          40
          10
          41
           9
           8
          42
           7
          43
          44
           6
          45
           5
           4
          46
          47
           3
           2
          48
           1
          49
          50
          51
          25
          27
          28
          24
          23
          29
          22
          30
          21
          31
          32
          20
          19
          33
          18
          34
          17
          35
          16
          36
          15
          37
          14
          38
          13
          39
          12
          40
          11
          41
          42
          10
           9
          43
          44
           8
           7
          45
          46
           6
           5
          47
           4
          48
          49
           3
           2
          50
           1
          51
          28
          26
          29
          25
          30
          24
          23
          31
          22
          32
          33
          21
          20
          34
          35
          19
          18
          36
          37
          17
          16
          38
          15
          39
          14
          40
          13
          41
          12
          42
          43
          11
          44
          10
          45
           9
           8
          46
           7
          47
          48
           6
           5
          49
           4
          50
           3
          51
          52
           2
          27
          29
          26
          30
          25
          31
          32
          24
          33
          23
          22
          34
          35
          21
          20
          36
          19
          37
          18
          38
          17
          39
          16
          40
          15
          41
          14
          42
          13
          43
          12
          44
          11
          45
          46
          10
           9
          47
           8
          48
           7
          49
           6
          50
           5
          51
           4
          52
           3
          53
          28
          30
          27
          31
          26
          32
          25
          33
          34
          24
          23
          35
          22
          36
          21
          37
          38
          20
          39
          19
          18
          40
          41
          17
          16
          42
          15
          43
          14
          44
          13
          45
          46
          12
          11
          47
          10
          48
           9
          49
           8
          50
          51
           7
          52
           6
           5
          53
          54
           4
          31
          29
          32
          28
          33
          27
          34
          26
          35
          25
          36
          24
          37
          23
          38
          22
          21
          39
          40
          20
          41
          19
          42
          18
          43
          17
          44
          16
          15
          45
          46
          14
          47
          13
          12
          48
          49
          11
          50
          10
          51
           9
           8
          52
           7
          53
          54
           6
          55
           5
          30
          32
          33
          29
          34
          28
          35
          27
          26
          36
          25
          37
          24
          38
          39
          23
          22
          40
          21
          41
          42
          20
          43
          19
          18
          44
          45
          17
          46
          16
          47
          15
          48
          14
          49
          13
          12
          50
          11
          51
          52
          10
           9
          53
           8
          54
           7
          55
          56
           6
          33
          31
          30
          34
          35
          29
          28
          36
          37
          27
          38
          26
          39
          25
          40
          24
          41
          23
          22
          42
          43
          21
          44
          20
          19
          45
          18
          46
          47
          17
          16
          48
          15
          49
          50
          14
          13
          51
          12
          52
          11
          53
          10
          54
          55
           9
           8
          56
           7
          57
          32
          34
          35
          31
          30
          36
          29
          37
          28
          38
          39
          27
          40
          26
          41
          25
          24
          42
          43
          23
          44
          22
          21
          45
          46
          20
          47
          19
          18
          48
          49
          17
          16
          50
          15
          51
          14
          52
          13
          53
          12
          54
          55
          11
          56
          10
          57
           9
           8
          58
          35
          33
          32
          36
          37
          31
          30
          38
          29
          39
          28
          40
          27
          41
          26
          42
          25
          43
          24
          44
          23
          45
          22
          46
          21
          47
          20
          48
          49
          19
          50
          18
          17
          51
          16
          52
          15
          53
          14
          54
          13
          55
          12
          56
          11
          57
          10
          58
          59
           9
          34
          36
          33
          37
          32
          38
          31
          39
          30
          40
          29
          41
          28
          42
          27
          43
          44
          26
          25
          45
          24
          46
          23
          47
          22
          48
          21
          49
          20
          50
          19
          51
          18
          52
          17
          53
          16
          54
          15
          55
          14
          56
          13
          57
          12
          58
          11
          59
          60
          10
          37
          35
          38
          34
          39
          33
          40
          32
          41
          31
          30
          42
          29
          43
          44
          28
          27
          45
          26
          46
          47
          25
          48
          24
          23
          49
          22
          50
          21
          51
          20
          52
          19
          53
          18
          54
          55
          17
          16
          56
          15
          57
          58
          14
          59
          13
          12
          60
          61
          11
          36
          38
          35
          39
          34
          40
          33
          41
          32
          42
          31
          43
          30
          44
          29
          45
          46
          28
          27
          47
          48
          26
          25
          49
          50
          24
          23
          51
          22
          52
          21
          53
          54
          20
          55
          19
          18
          56
          17
          57
          16
          58
          15
          59
          60
          14
          13
          61
          12
          62
          39
          37
          36
          40
          35
          41
          34
          42
          33
          43
          32
          44
          31
          45
          30
          46
          29
          47
          28
          48
          27
          49
          26
          50
          51
          25
          52
          24
          53
          23
          54
          22
          21
          55
          20
          56
          19
          57
          18
          58
          17
          59
          60
          16
          61
          15
          14
          62
          13
          63
          38
          40
          37
          41
          36
          42
          35
          43
          44
          34
          33
          45
          46
          32
          31
          47
          30
          48
          29
          49
          50
          28
          27
          51
          26
          52
          53
          25
          54
          24
          23
          55
          22
          56
          21
          57
          20
          58
          19
          59
          18
          60
          17
          61
          16
          62
          15
          63
          64
          14
          41
          39
          38
          42
          37
          43
          36
          44
          35
          45
          46
          34
          33
          47
          32
          48
          31
          49
          30
          50
          51
          29
          28
          52
          27
          53
          26
          54
          25
          55
          56
          24
          23
          57
          22
          58
          59
          21
          20
          60
          19
          61
          18
          62
          63
          17
          16
          64
          15
          65
          40
          42
          43
          39
          44
          38
          45
          37
          36
          46
          47
          35
          48
          34
          49
          33
          32
          50
          51
          31
          52
          30
          53
          29
          54
          28
          55
          27
          56
          26
          25
          57
          24
          58
          59
          23
          22
          60
          61
          21
          62
          20
          63
          19
          18
          64
          17
          65
          66
          16
          41
          43
          44
          40
          39
          45
          46
          38
          37
          47
          36
          48
          49
          35
          34
          50
          33
          51
          52
          32
          53
          31
          54
          30
          55
          29
          28
          56
          57
          27
          26
          58
          59
          25
          60
          24
          23
          61
          22
          62
          21
          63
          20
          64
          65
          19
          18
          66
          67
          17
          44
          42
          45
          41
          46
          40
          47
          39
          48
          38
          49
          37
          50
          36
          51
          35
          52
          34
          53
          33
          32
          54
          55
          31
          30
          56
          57
          29
          28
          58
          27
          59
          26
          60
          25
          61
          24
          62
          23
          63
          22
          64
          21
          65
          20
          66
          19
          67
          18
          68
          45
          43
          42
          46
          41
          47
          48
          40
          39
          49
          50
          38
          51
          37
          36
          52
          53
          35
          54
          34
          33
          55
          32
          56
          31
          57
          30
          58
          59
          29
          28
          60
          61
          27
          26
          62
          63
          25
          24
          64
          23
          65
          22
          66
          21
          67
          68
          20
          19
          69
          44
          46
          43
          47
          42
          48
          49
          41
          40
          50
          51
          39
          52
          38
          53
          37
          54
          36
          35
          55
          56
          34
          33
          57
          32
          58
          31
          59
          60
          30
          61
          29
          28
          62
          27
          63
          26
          64
          25
          65
          24
          66
          67
          23
          22
          68
          21
          69
          20
          70
          47
          45
          48
          44
          43
          49
          42
          50
          41
          51
          52
          40
          39
          53
          54
          38
          55
          37
          56
          36
          57
          35
          58
          34
          33
          59
          60
          32
          31
          61
          62
          30
          29
          63
          64
          28
          27
          65
          26
          66
          67
          25
          24
          68
          69
          23
          70
          22
          71
          21
          48
          46
          45
          49
          50
          44
          43
          51
          52
          42
          41
          53
          40
          54
          39
          55
          56
          38
          37
          57
          36
          58
          59
          35
          34
          60
          33
          61
          62
          32
          63
          31
          30
          64
          29
          65
          28
          66
          27
          67
          68
          26
          25
          69
          24
          70
          23
          71
          22
          72
          49
          47
          46
          50
          45
          51
          44
          52
          43
          53
          54
          42
          41
          55
          56
          40
          57
          39
          58
          38
          59
          37
          60
          36
          61
          35
          34
          62
          33
          63
          32
          64
          31
          65
          30
          66
          29
          67
          28
          68
          27
          69
          70
          26
          71
          25
          72
          24
          23
          73
          48
          50
          51
          47
          46
          52
          45
          53
          54
          44
          55
          43
          42
          56
          41
          57
          58
          40
          59
          39
          60
          38
          61
          37
          36
          62
          35
          63
          34
          64
          33
          65
          32
          66
          31
          67
          30
          68
          69
          29
          70
          28
          27
          71
          72
          26
          25
          73
          74
          24
          51
          49
          48
          52
          47
          53
          46
          54
          45
          55
          56
          44
          43
          57
          42
          58
          41
          59
          60
          40
          39
          61
          62
          38
          63
          37
          36
          64
          65
          35
          34
          66
          67
          33
          68
          32
          31
          69
          30
          70
          71
          29
          72
          28
          73
          27
          74
          26
          25
          75
          50
          52
          53
          49
          54
          48
          55
          47
          46
          56
          57
          45
          58
          44
          59
          43
          60
          42
          41
          61
          40
          62
          39
          63
          38
          64
          37
          65
          36
          66
          67
          35
          34
          68
          33
          69
          70
          32
          71
          31
          30
          72
          29
          73
          28
          74
          27
          75
          76
          26
          53
          51
          54
          50
          55
          49
          56
          48
          47
          57
          46
          58
          59
          45
          60
          44
          43
          61
          62
          42
          41
          63
          40
          64
          39
          65
          66
          38
          67
          37
          68
          36
          69
          35
          70
          34
          71
          33
          32
          72
          31
          73
          74
          30
          29
          75
          76
          28
          27
          77
          52
          54
          55
          51
          56
          50
          49
          57
          58
          48
          47
          59
          60
          46
          45
          61
          44
          62
          43
          63
          42
          64
          41
          65
          40
          66
          67
          39
          68
          38
          69
          37
          70
          36
          71
          35
          34
          72
          73
          33
          74
          32
          31
          75
          30
          76
          29
          77
          78
          28
          53
          55
          56
          52
          51
          57
          58
          50
          49
          59
          60
          48
          61
          47
          62
          46
          45
          63
          64
          44
          65
          43
          42
          66
          67
          41
          68
          40
          39
          69
          38
          70
          71
          37
          72
          36
          73
          35
          74
          34
          33
          75
          76
          32
          77
          31
          78
          30
          79
          29
          54
          56
          53
          57
          58
          52
          59
          51
          60
          50
          49
          61
          62
          48
          47
          63
          46
          64
          65
          45
          44
          66
          43
          67
          42
          68
          41
          69
          70
          40
          71
          39
          72
          38
          37
          73
          74
          36
          75
          35
          34
          76
          77
          33
          32
          78
          79
          31
          80
          30
          57
          55
          58
          54
          59
          53
          52
          60
          61
          51
          50
          62
          63
          49
          48
          64
          47
          65
          66
          46
          45
          67
          68
          44
          43
          69
          70
          42
          41
          71
          72
          40
          73
          39
          74
          38
          37
          75
          76
          36
          77
          35
          78
          34
          79
          33
          80
          32
          81
          31
          58
          56
          59
          55
          60
          54
          53
          61
          62
          52
          51
          63
          50
          64
          65
          49
          48
          66
          47
          67
          68
          46
          69
          45
          70
          44
          71
          43
          42
          72
          73
          41
          40
          74
          75
          39
          38
          76
          77
          37
          78
          36
          79
          35
          80
          34
          33
          81
          82
          32
          57
          59
          56
          60
          55
          61
          54
          62
          53
          63
          52
          64
          51
          65
          50
          66
          49
          67
          48
          68
          69
          47
          46
          70
          71
          45
          44
          72
          73
          43
          74
          42
          75
          41
          76
          40
          77
          39
          78
          38
          79
          37
          80
          36
          81
          35
          82
          34
          83
          33
          60
          58
          57
          61
          62
          56
          55
          63
          64
          54
          65
          53
          52
          66
          51
          67
          68
          50
          49
          69
          48
          70
          47
          71
          46
          72
          73
          45
          44
          74
          75
          43
          42
          76
          41
          77
          78
          40
          79
          39
          80
          38
          81
          37
          36
          82
          83
          35
          34
          84
          61
          59
          58
          62
          57
          63
          56
          64
          55
          65
          54
          66
          53
          67
          68
          52
          69
          51
          50
          70
          71
          49
          48
          72
          73
          47
          46
          74
          75
          45
          76
          44
          77
          43
          42
          78
          79
          41
          80
          40
          39
          81
          38
          82
          83
          37
          84
          36
          35
          85
          60
          62
          63
          59
          64
          58
          65
          57
          66
          56
          55
          67
          68
          54
          69
          53
          70
          52
          71
          51
          72
          50
          73
          49
          74
          48
          75
          47
          76
          46
          45
          77
          78
          44
          79
          43
          80
          42
          81
          41
          82
          40
          83
          39
          38
          84
          85
          37
          86
          36
          63
          61
          64
          60
          65
          59
          66
          58
          57
          67
          68
          56
          69
          55
          70
          54
          71
          53
          72
          52
          51
          73
          74
          50
          75
          49
          48
          76
          77
          47
          78
          46
          79
          45
          80
          44
          81
          43
          82
          42
          83
          41
          84
          40
          85
          39
          86
          38
          37
          87
          62
          64
          65
          61
          66
          60
          67
          59
          68
          58
          69
          57
          70
          56
          71
          55
          72
          54
          73
          53
          74
          52
          75
          51
          50
          76
          49
          77
          48
          78
          47
          79
          80
          46
          81
          45
          44
          82
          83
          43
          84
          42
          41
          85
          40
          86
          87
          39
          88
          38
          65
          63
          62
          66
          67
          61
          68
          60
          69
          59
          70
          58
          71
          57
          72
          56
          55
          73
          74
          54
          53
          75
          76
          52
          51
          77
          78
          50
          79
          49
          80
          48
          47
          81
          46
          82
          83
          45
          84
          44
          85
          43
          86
          42
          41
          87
          88
          40
          89
          39
          64
          66
          63
          67
          62
          68
          61
          69
          60
          70
          71
          59
          72
          58
          57
          73
          74
          56
          75
          55
          54
          76
          53
          77
          78
          52
          79
          51
          80
          50
          81
          49
          82
          48
          83
          47
          46
          84
          85
          45
          86
          44
          87
          43
          42
          88
          89
          41
          40
          90
          67
          65
          68
          64
          69
          63
          70
          62
          71
          61
          72
          60
          73
          59
          74
          58
          75
          57
          56
          76
          77
          55
          78
          54
          53
          79
          80
          52
          81
          51
          82
          50
          83
          49
          84
          48
          85
          47
          86
          46
          87
          45
          88
          44
          89
          43
          90
          42
          41
          91
          66
          68
          69
          65
          70
          64
          63
          71
          72
          62
          73
          61
          74
          60
          75
          59
          76
          58
          77
          57
          78
          56
          79
          55
          54
          80
          81
          53
          52
          82
          51
          83
          84
          50
          85
          49
          86
          48
          87
          47
          88
          46
          89
          45
          90
          44
          91
          43
          42
          92
          69
          67
          66
          70
          71
          65
          64
          72
          73
          63
          62
          74
          61
          75
          60
          76
          77
          59
          78
          58
          57
          79
          80
          56
          55
          81
          54
          82
          83
          53
          52
          84
          85
          51
          86
          50
          87
          49
          88
          48
          89
          47
          46
          90
          45
          91
          44
          92
          93
          43
          68
          70
          71
          67
          66
          72
          73
          65
          64
          74
          63
          75
          62
          76
          61
          77
          60
          78
          79
          59
          58
          80
          57
          81
          82
          56
          83
          55
          54
          84
          85
          53
          86
          52
          51
          87
          88
          50
          89
          49
          90
          48
          47
          91
          46
          92
          93
          45
          94
          44
          71
          69
          68
          72
          67
          73
          66
          74
          75
          65
          76
          64
          63
          77
          62
          78
          79
          61
          80
          60
          59
          81
          58
          82
          83
          57
          56
          84
          55
          85
          54
          86
          53
          87
          52
          88
          89
          51
          90
          50
          49
          91
          92
          48
          93
          47
          94
          46
          45
          95
          70
          72
          69
          73
          68
          74
          67
          75
          66
          76
          65
          77
          64
          78
          63
          79
          80
          62
          61
          81
          60
          82
          59
          83
          58
          84
          57
          85
          86
          56
          55
          87
          54
          88
          89
          53
          52
          90
          51
          91
          50
          92
          93
          49
          94
          48
          95
          47
          96
          46
          73
          71
          74
          70
          75
          69
          76
          68
          67
          77
          78
          66
          79
          65
          80
          64
          63
          81
          62
          82
          83
          61
          60
          84
          85
          59
          86
          58
          87
          57
          88
          56
          55
          89
          54
          90
          53
          91
          92
          52
          93
          51
          50
          94
          49
          95
          96
          48
          97
          47
          74
          72
          75
          71
          76
          70
          69
          77
          68
          78
          79
          67
          66
          80
          81
          65
          82
          64
          83
          63
          84
          62
          85
          61
          86
          60
          59
          87
          88
          58
          89
          57
          90
          56
          55
          91
          92
          54
          93
          53
          94
          52
          95
          51
          96
          50
          97
          49
          98
          48
          73
          75
          72
          76
          71
          77
          78
          70
          79
          69
          68
          80
          81
          67
          66
          82
          83
          65
          64
          84
          85
          63
          86
          62
          87
          61
          88
          60
          89
          59
          58
          90
          57
          91
          56
          92
          93
          55
          94
          54
          53
          95
          52
          96
          97
          51
          98
          50
          49
          99
          76
          74
          73
          77
          78
          72
          79
          71
          80
          70
          69
          81
          82
          68
          83
          67
          84
          66
          85
          65
          86
          64
          87
          63
          88
          62
          89
          61
          90
          60
          59
          91
          92
          58
          57
          93
          94
          56
          55
          95
          96
          54
          97
          53
          52
          98
          99
          51
         100
          50
          75
          77
          78
          74
          73
          79
          72
          80
          71
          81
          70
          82
          83
          69
          68
          84
          85
          67
          86
          66
          65
          87
          64
          88
          89
          63
          90
          62
          61
          91
          60
          92
          93
          59
          94
          58
          57
          95
          56
          96
          97
          55
          54
          98
          99
          53
         100
          52
          51
          50
          78
          76
          79
          75
          80
          74
          81
          73
          82
          72
          83
          71
          84
          70
          85
          69
          86
          68
          87
          67
          88
          66
          89
          65
          90
          64
          91
          63
          92
          62
          93
          61
          94
          60
          95
          59
          96
          58
          97
          57
          98
          56
          55
          99
          54
         100
          53
          52
          51
          50
          79
          77
          76
          80
          75
          81
          82
          74
          83
          73
          72
          84
          85
          71
          86
          70
          87
          69
          88
          68
          67
          89
          90
          66
          65
          91
          64
          92
          93
          63
          94
          62
          61
          95
          96
          60
          97
          59
          58
          98
          99
          57
         100
          56
          55
          54
          53
          52
          51
          50
          78
          80
          81
          77
          76
          82
          83
          75
          74
          84
          73
          85
          86
          72
          71
          87
          70
          88
          69
          89
          90
          68
          67
          91
          92
          66
          93
          65
          64
          94
          95
          63
          62
          96
          61
          97
          98
          60
          59
          99
          58
         100
          57
          56
          55
          54
          53
          52
          51
          50
          79
          81
          78
          82
          83
          77
          84
          76
          85
          75
          86
          74
          87
          73
          88
          72
          89
          71
          90
          70
          69
          91
          68
          92
          93
          67
          66
          94
          95
          65
          96
          64
          63
          97
          62
          98
          99
          61
         100
          60
          59
          58
          57
          56
          55
          54
          53
          52
          51
          50
          82
          80
          83
          79
          84
          78
          85
          77
          86
          76
          87
          75
          88
          74
          89
          73
          90
          72
          91
          71
          92
          70
          93
          69
          94
          68
          67
          95
          96
          66
          97
          65
          98
          64
          99
          63
          62
         100
          61
          60
          59
          58
          57
          56
          55
          54
          53
          52
          51
          50
          83
          81
          84
          80
          85
          79
          86
          78
          77
          87
          88
          76
          89
          75
          90
          74
          73
          91
          92
          72
          93
          71
          94
          70
          95
          69
          96
          68
          97
          67
          66
          98
          99
          65
          64
         100
          63
          62
          61
          60
          59
          58
          57
          56
          55
          54
          53
          52
          51
          50
          82
          84
          81
          85
          80
          86
          79
          87
          88
          78
          77
          89
          76
          90
          75
          91
          92
          74
          93
          73
          72
          94
          71
          95
          96
          70
          69
          97
          68
          98
          99
          67
          66
         100
          65
          64
          63
          62
          61
          60
          59
          58
          57
          56
          55
          54
          53
          52
          51
          50
          85
          83
          82
          86
          81
          87
          88
          80
          89
          79
          90
          78
          77
          91
          92
          76
          93
          75
          94
          74
          95
          73
          96
          72
          71
          97
          70
          98
          99
          69
          68
         100
          67
          66
          65
          64
          63
          62
          61
          60
          59
          58
          57
          56
          55
          54
          53
          52
          51
          50
          84
          86
          83
          87
          82
          88
          81
          89
          80
          90
          79
          91
          78
          92
          77
          93
          76
          94
          75
          95
          74
          96
          73
          97
          72
          98
          99
          71
          70
         100
          69
          68
          67
          66
          65
          64
          63
          62
          61
          60
          59
          58
          57
          56
          55
          54
          53
          52
          51
          50
          85
          87
          84
          88
          89
          83
          82
          90
          81
          91
          80
          92
          79
          93
          78
          94
          77
          95
          76
          96
          75
          97
          74
          98
          99
          73
          72
         100
          71
          70
          69
          68
          67
          66
          65
          64
          63
          62
          61
          60
          59
          58
          57
          56
          55
          54
          53
          52
          51
          50
          88
          86
          89
          85
          90
          84
          83
          91
          82
          92
          93
          81
          94
          80
          95
          79
          96
          78
          77
          97
          98
          76
          75
          99
          74
         100
          73
          72
          71
          70
          69
          68
          67
          66
          65
          64
          63
          62
          61
          60
          59
          58
          57
          56
          55
          54
          53
          52
          51
          50
          89
          87
          90
          86
          85
          91
          84
          92
          83
          93
          94
          82
          81
          95
          96
          80
          97
          79
          78
          98
          77
          99
         100
          76
          75
          74
          73
          72
          71
          70
          69
          68
          67
          66
          65
          64
          63
          62
          61
          60
          59
          58
          57
          56
          55
          54
          53
          52
          51
          50
          88
          90
          87
          91
          86
          92
          93
          85
          94
          84
          83
          95
          82
          96
          81
          97
          80
          98
          99
          79
          78
         100
          77
          76
          75
          74
          73
          72
          71
          70
          69
          68
          67
          66
          65
          64
          63
          62
          61
          60
          59
          58
          57
          56
          55
          54
          53
          52
          51
          50
          91
          89
          88
          92
          93
          87
          94
          86
          85
          95
          96
          84
          97
          83
          82
          98
          81
          99
          80
         100
          79
          78
          77
          76
          75
          74
          73
          72
          71
          70
          69
          68
          67
          66
          65
          64
          63
          62
          61
          60
          59
          58
          57
          56
          55
          54
          53
          52
          51
          50
          92
          90
          93
          89
          94
          88
          95
          87
          96
          86
          97
          85
          98
          84
          99
          83
         100
          82
          81
          80
          79
          78
          77
          76
          75
          74
          73
          72
          71
          70
          69
          68
          67
          66
          65
          64
          63
          62
          61
          60
          59
          58
          57
          56
          55
          54
          53
          52
          51
          50
          93
          91
          94
          90
          95
          89
          96
          88
          97
          87
          98
          86
          99
          85
         100
          84
          83
          82
          81
          80
          79
          78
          77
          76
          75
          74
          73
          72
          71
          70
          69
          68
          67
          66
          65
          64
          63
          62
          61
          60
          59
          58
          57
          56
          55
          54
          53
          52
          51
          50
          92
          94
          91
          95
          90
          96
          89
          97
          88
          98
          87
          99
          86
         100
          85
          84
          83
          82
          81
          80
          79
          78
          77
          76
          75
          74
          73
          72
          71
          70
          69
          68
          67
          66
          65
          64
          63
          62
          61
          60
          59
          58
          57
          56
          55
          54
          53
          52
          51
          50
          95
          93
          92
          96
          91
          97
          98
          90
          89
          99
          88
         100
          87
          86
          85
          84
          83
          82
          81
          80
          79
          78
          77
          76
          75
          74
          73
          72
          71
          70
          69
          68
          67
          66
          65
          64
          63
          62
          61
          60
          59
          58
          57
          56
          55
          54
          53
          52
          51
          50
          96
          94
          97
          93
          92
          98
          91
          99
          90
         100
          89
          88
          87
          86
          85
          84
          83
          82
          81
          80
          79
          78
          77
          76
          75
          74
          73
          72
          71
          70
          69
          68
          67
          66
          65
          64
          63
          62
          61
          60
          59
          58
          57
          56
          55
          54
          53
          52
          51
          50
          95
          97
          98
          94
          99
          93
          92
         100
          91
          90
          89
          88
          87
          86
          85
          84
          83
          82
          81
          80
          79
          78
          77
          76
          75
          74
          73
          72
          71
          70
          69
          68
          67
          66
          65
          64
          63
          62
          61
          60
          59
          58
          57
          56
          55
          54
          53
          52
          51
          50
          98
          96
          99
          95
         100
          94
          93
          92
          91
          90
          89
          88
          87
          86
          85
          84
          83
          82
          81
          80
          79
          78
          77
          76
          75
          74
          73
          72
          71
          70
          69
          68
          67
          66
          65
          64
          63
          62
          61
          60
          59
          58
          57
          56
          55
          54
          53
          52
          51
          50
          99
          97
         100
          96
          95
          94
          93
          92
          91
          90
          89
          88
          87
          86
          85
          84
          83
          82
          81
          80
          79
          78
          77
          76
          75
          74
          73
          72
          71
          70
          69
          68
          67
          66
          65
          64
          63
          62
          61
          60
          59
          58
          57
          56
          55
          54
          53
          52
          51
          50
          98
         100
          97
          96
          95
          94
          93
          92
          91
          90
          89
          88
          87
          86
          85
          84
          83
          82
          81
          80
          79
          78
          77
          76
          75
          74
          73
          72
          71
          70
          69
          68
          67
          66
          65
          64
          63
          62
          61
          60
          59
          58
          57
          56
          55
          54
          53
          52
          51
          50
          99
          98
          97
          96
          95
          94
          93
          92
          91
          90
          89
          88
          87
          86
          85
          84
          83
          82
          81
          80
          79
          78
          77
          76
          75
          74
          73
          72
          71
          70
          69
          68
          67
          66
          65
          64
          63
          62
          61
          60
          59
          58
          57
          56
          55
          54
          53
          52
          51
          50
