         206
         251
           2
         152
          76
         271
         107
         272
         253
         317
         152
         253
         206
         317
         272
          24
         202
         224
         295
           1
          37
          21
         314
          42
          43
         119
         284
         199
           7
          50
          47
         263
          53
          84
         254
         250
         265
         163
          57
         308
         126
         236
          51
          54
         328
         292
          12
         117
         149
         302
         283
          39
          22
         318
         104
         252
         149
          35
          54
         178
         311
         282
          42
         314
          37
           3
          50
         196
         118
         150
         291
         247
         290
         323
         310
         309
         233
         106
         225
         123
         227
         279
         313
         115
         199
          93
          43
         303
         119
         155
         288
         235
         212
         273
         172
         193
         124
          55
         293
         175
         120
         336
         339
         337
         298
          18
         297
         338
         335
         342
         126
         149
         283
           5
         104
          22
          54
         236
         302
          51
         334
          86
         116
         315
          66
          83
         321
         105
         220
         155
         200
          20
         226
         112
         255
         270
          90
         241
         159
         102
         204
          19
         156
         222
          38
          41
          44
         221
         127
         216
         182
          88
          93
         313
         115
          71
         279
         155
          85
         278
         266
         262
         224
         160
         264
         213
         188
         317
         253
         137
         297
         336
         339
         337
         298
         335
         120
         338
          11
         342
         222
         204
          15
         156
         139
         127
         216
          41
         221
         232
         200
          14
         270
         112
         102
         226
         159
         324
          33
         286
           3
          37
          42
         119
          43
         314
         284
          50
         282
          45
         104
         149
         283
          54
          35
           6
          12
           5
          39
         126
         241
          32
          63
          28
          92
          90
         108
         296
         164
         161
         295
         202
         253
         287
         154
         317
         153
         148
         152
           2
         232
         141
         139
         216
         107
         264
          76
         213
         188
         127
         231
         103
          87
          85
         109
         219
          70
         184
         164
         312
         301
         183
         129
         189
         123
         274
          59
          95
         320
         294
          32
         184
          23
         312
         241
          63
          92
          80
         108
         161
         133
         256
         143
         162
         190
         286
         180
         102
         165
         111
          68
         327
         331
         328
         223
          77
         117
         236
         130
          44
         322
          80
         238
         114
         142
         161
         184
          32
         101
         203
          28
         184
          23
          80
         161
         312
         108
         164
          63
         100
         304
         286
          62
         159
         226
         158
         246
         102
         324
         162
         299
         137
         317
         202
         215
         224
         160
         319
         253
         266
         104
          22
          54
         214
         178
          39
         283
         149
         318
           6
         252
         234
         275
           6
          39
         318
         125
         128
          35
          74
           3
          21
          42
         314
           7
         119
         284
          43
          50
         311
          41
          15
          56
          19
         251
         271
         204
         156
          44
         222
          35
           6
         318
          22
         283
         104
          54
         252
         149
         178
         239
         269
         194
         186
          91
         134
         125
         275
         234
          36
         251
          38
         271
         127
          19
           1
          15
         156
         222
         204
          50
         282
          21
          37
          45
           3
          43
         314
           7
         119
           9
         119
         227
         199
          42
          45
          21
         303
           3
          50
         205
         117
         151
          77
          15
         204
         130
         223
         221
          56
          50
         306
         282
          42
         303
          43
         147
         150
         244
         227
         308
          57
          53
          52
         250
          47
         316
           4
         263
         254
          53
         263
         254
          57
           4
          52
         250
         316
         308
          84
         245
          59
         274
         277
         225
         320
         323
         294
         176
         189
         121
          52
         308
          57
          46
         316
          53
         250
         192
          47
          45
          42
         306
         282
          43
         150
         303
          21
         147
         314
         292
         117
         236
         151
         205
         302
          44
          77
         191
          68
          57
          53
         308
         250
          47
         254
          46
         316
         263
         284
          57
          52
          47
         250
         254
         308
         263
          46
           4
         284
          22
         149
         104
         283
          35
           5
         126
          12
         300
          39
         273
         193
          10
         294
         124
         169
         320
         288
         172
          95
          38
         151
         205
          44
          41
          15
         271
         156
         251
          19
          52
          53
          47
         250
         308
         254
          46
         263
         316
         284
         291
         309
         247
           8
         310
         323
         290
         185
         201
         281
         274
          48
         189
         225
         245
         301
         123
         176
         323
         233
         225
         274
         233
          59
         189
         123
         323
          48
         277
         301
         244
         109
         103
          85
          87
         296
         164
          70
         110
         100
         286
         162
         159
         190
          99
         102
         133
         256
         304
         158
         108
         110
         241
         296
          90
         260
          80
         312
          92
         161
         113
          69
         138
          78
         242
         326
         237
          75
         229
         265
          40
         239
         194
         269
         186
         134
          91
         125
         275
         234
         105
         116
         220
          86
          13
         135
         240
          79
          78
         321
         111
         165
         333
          72
         143
         174
         180
         162
         256
         157
          30
          77
         223
         117
         130
         236
         327
          44
         205
         331
         138
         113
          78
          64
         326
         135
         330
         237
          79
         220
         164
         100
         325
         103
          94
         161
          80
         109
          87
         108
         182
          88
          87
         109
          16
         231
          85
         103
          70
         115
         106
         261
          97
          67
         157
         144
         111
         170
         185
         181
         155
         197
          81
         219
          93
         279
         313
         199
         115
           9
         178
         214
         318
          35
         145
         104
         300
         146
          22
           6
         218
         217
         113
          78
          79
          64
         163
         319
         242
         140
         107
         206
         264
         141
          17
         262
           1
         266
         224
         188
         205
          44
         117
         130
         191
          68
         151
         221
         223
         204
         138
          69
         113
          64
         135
         220
         105
          66
          79
         163
         220
         132
         105
         240
         135
         217
         140
         163
          84
          66
         161
         171
         211
          94
         260
         108
         100
         203
         325
         329
         197
          73
         155
         321
         219
         315
         199
          83
         279
          93
         166
         228
         342
         339
         341
         343
         340
         338
         336
         335
         334
         155
         321
          73
          13
         315
         197
          81
          93
         182
         163
         240
         263
         140
         321
          47
         265
          86
         220
           4
         231
          87
          88
         109
         115
         103
         244
          61
         227
         313
         116
          13
          66
          84
         220
         315
         334
         105
         321
         163
         103
         231
          85
         109
          70
          88
         164
          61
         244
         100
         182
          85
         115
         231
          87
          93
         313
         109
          71
          16
         196
         311
           7
         249
         192
         118
         314
         197
           3
          81
          92
         241
         112
         255
          14
          63
         268
          20
         200
         203
         134
         125
         275
         234
          36
         332
         252
         128
         318
          74
          90
         255
         241
          14
          63
         112
          20
         203
          23
         159
         115
         279
         313
         155
          88
           9
         227
         182
          85
         231
         325
         161
         100
          80
          70
         211
         164
          96
         171
         260
         169
         294
         193
         320
         124
         273
         175
          55
         176
         172
         325
         211
         329
         171
          94
         208
          80
         167
         260
         177
         144
         181
         261
         170
         157
         179
         185
          72
         259
         106
         114
         190
         159
          99
          29
         133
         286
         256
          62
         257
         190
         159
         257
         102
         210
         114
         286
         258
         256
          62
         164
         161
          70
          94
         312
         108
         325
          80
         103
         296
         142
         210
         257
         258
          99
         203
         114
         238
         190
         159
         190
         159
         286
          99
         324
         270
          29
         162
          62
         256
          87
          70
         164
         109
         100
         312
         231
          94
          85
         325
          22
         149
         283
          54
          35
           6
          12
           5
         318
         126
         220
         240
          66
          79
         116
         135
          86
         321
         132
          84
         261
          72
         290
          97
         310
         185
         144
         181
         243
         157
          76
         141
         206
         264
         127
           1
          17
         232
         262
         266
          63
         110
         312
          80
         100
         296
         171
         260
         164
         161
         103
          87
          61
          85
          70
         231
         164
         244
          88
         100
          63
         108
         296
         260
         312
         171
         100
         241
         329
          80
          67
         165
          72
         143
         243
         162
         180
         333
         133
         256
         268
         270
          20
          14
          90
         200
         209
         159
         246
         241
         138
          69
          64
          78
         326
         135
         237
          75
         242
         330
         190
          99
         257
         159
         142
         238
         101
         102
         210
          29
          93
         279
         313
         227
          88
          85
           9
         231
         182
         155
          86
          66
          13
         220
         105
          84
         240
         321
         334
         163
         292
         205
          44
         151
          51
          77
         223
          68
          15
         236
          37
           7
           3
         311
         314
          42
          21
         284
          52
         282
          43
           9
         199
         227
          21
           3
         279
         303
          42
         313
         337
         336
         338
          11
          18
         335
         298
         297
         340
         342
          49
         192
         308
          52
         122
          46
          57
         249
         316
          53
         153
         280
         154
         285
         287
          49
         121
         218
         148
          46
         233
         189
         323
         225
          59
         129
         274
         245
         301
         247
         175
         193
         169
         235
         172
         273
         288
          10
         212
         293
          91
         275
         234
          36
         134
         252
         128
         318
           6
         332
         236
          12
           5
          51
         302
         328
         191
         292
         117
         149
         107
         222
         139
          76
         156
         141
         251
         232
          19
           1
         318
           6
         187
         252
          74
         104
          22
         283
         149
         178
         123
         189
         181
         233
         301
         144
         183
         185
         261
         225
         221
         204
          77
         216
         222
         156
         223
          44
          19
         139
         326
         237
         113
          64
         138
         242
          69
          78
         215
         207
          79
         105
         240
         220
         140
         321
         135
          83
          84
          81
         143
         162
          29
         256
         286
         111
         180
         165
          62
         190
          91
         125
         234
         275
         332
          36
         128
         252
         318
          74
          79
         105
         330
          66
         220
          78
         138
         132
         116
          69
         184
          32
         164
          28
         312
          70
         103
         100
          23
          87
         215
         160
         319
         237
          34
         266
         224
         188
         242
         317
         113
          69
          78
          64
         326
         135
         330
         220
          79
          66
         222
         232
         216
         127
         156
          25
          19
         141
         107
          76
         217
          84
         316
          79
         163
         249
         240
         132
          47
         220
         107
          76
         232
         188
         264
         127
          25
         206
         139
         213
         238
         101
         258
         257
         210
         114
          99
         190
         256
          29
         180
         162
         165
         256
         133
          67
         111
         333
          29
         286
          97
         181
         157
         261
         179
         170
         185
         168
         129
          72
         146
         300
         328
         214
         178
         126
          30
         236
         104
          54
         300
         145
         328
         214
          30
         178
         331
         327
          68
           5
         296
          63
         241
         307
         108
          90
          23
          92
          14
         255
         280
         202
         287
         153
          24
         295
         122
         253
         154
         152
         283
          22
         104
          54
          12
          35
           5
         126
           6
          39
         306
         282
         307
          45
         147
          50
         311
          23
          92
         241
         205
          56
         117
          44
         292
          77
          38
         191
          51
         302
           2
         253
         317
          24
         206
         202
         272
         295
         224
           1
         287
         154
         280
         285
         122
         295
          24
         148
         218
         305
         153
         218
         198
         305
         285
         287
         319
         229
         122
          24
          73
          93
         279
         115
         313
           9
         197
          81
         219
         315
         222
          19
         127
         139
          15
         204
          41
         221
         216
         232
         144
         181
          97
         170
         185
         168
          72
         179
         261
         106
         246
         270
         304
         268
          33
         256
         159
         209
         162
         102
         190
          99
         102
         286
         270
          62
         256
          33
         257
         162
         224
         266
          17
         262
         137
         215
         317
         319
         188
         242
          80
          94
         100
         211
         325
         260
         164
         108
          63
          70
         143
         256
         133
         286
          29
         111
         180
         165
          67
          62
         265
          84
         220
         217
         240
           4
         140
          86
          47
          79
         100
          70
         103
         312
         296
         108
         161
          94
         325
          80
         180
         333
         143
          67
         256
         111
         162
         174
          29
         133
         120
          11
         335
         298
         336
         297
          18
         337
         338
         339
         177
         208
         329
         260
         171
         211
         203
         210
          96
         258
         179
         157
         170
         144
         183
         181
          97
         259
         333
         185
         124
         175
          95
         193
         273
         172
         235
          55
         288
          10
         179
          97
         259
         144
         157
         168
         181
         261
          72
         174
         260
         329
          80
         208
         177
         211
         203
         108
         167
          96
         288
         175
         212
         235
         124
          10
         273
         293
         169
         173
         293
          18
         335
         336
         337
         297
         340
          11
         120
         298
         333
          67
         259
         165
         170
          72
         111
         179
         180
          97
         124
         172
         169
         235
         288
         293
         193
         212
         273
          10
         320
          95
         169
         294
         273
          55
         274
         193
         175
         124
         208
         329
         167
         260
         171
         211
         203
         210
          80
         257
         214
          74
          35
         318
         300
         145
         146
         104
          22
          54
         170
         144
         168
          97
         259
         181
         157
         261
         183
          60
         165
         143
         333
         256
          67
         162
         111
          29
         133
         174
         144
         185
          97
         157
         261
         129
         179
         170
         106
          72
          88
          16
          71
         115
          93
          85
         313
         109
         231
          87
         168
         301
         189
         129
         144
         179
         181
         157
         274
          59
          32
          28
         312
          80
         161
         164
         100
         136
          94
         108
         181
          97
         157
         144
         106
         261
          72
         290
         129
         170
         134
         125
          91
         194
         269
         234
         275
          36
         128
         252
         126
         104
         149
          22
         283
         236
         145
           5
          54
         328
         266
         264
         262
          17
         213
         224
         160
         137
         215
         237
         301
         123
          59
         274
         233
         225
         129
          48
         323
         245
          99
         159
         102
         286
         114
         257
          29
         256
          62
         162
         302
          77
         205
         151
         117
          44
         236
          56
          51
         292
         249
         121
          89
         118
          49
          52
         308
          57
         316
          53
         273
         124
          10
         169
          55
         175
         235
          95
         172
         288
         239
         186
         269
          40
         134
          91
         125
         275
         234
          36
           1
         206
         299
         127
          34
          76
         107
         148
         152
         141
         219
         311
         303
         197
           7
         119
          73
         282
         199
          89
          73
          81
         219
         155
          83
         119
          93
         279
         313
         115
         305
         229
         207
         267
         154
         218
         242
         285
         319
         153
           9
         313
         227
          43
         279
         278
         119
          73
         115
         155
          14
         226
          20
         270
         112
         324
         304
         255
          33
         159
         281
         309
         243
         310
         304
         324
         111
         106
         290
         226
         253
          24
         148
         317
         299
         295
         154
         153
         287
          34
         257
         260
         208
         210
         101
         177
         171
         211
          80
         329
          15
          19
         222
         156
         216
         221
          44
         223
         139
         130
         151
          44
         117
          77
          56
         292
          15
          38
         191
         204
          76
         152
           1
           2
         317
         107
         253
         224
          17
         266
         229
         198
         242
         305
         218
         267
         319
         154
          64
          75
         177
         329
         167
         260
         203
         211
         171
         210
          80
          96
         268
         246
         158
         112
         270
         304
          33
         159
         200
         226
         258
         257
         101
          99
         142
         203
         190
         159
         114
         256
         329
         260
         208
          80
         177
         161
         171
          96
         203
          94
         288
         235
          10
         172
         293
         173
         175
         124
         273
         193
         264
          17
         188
         266
         262
         160
         224
         137
         215
         237
         178
          74
          35
         300
         146
         145
         318
         104
          54
          22
         237
         137
         319
         242
         160
          75
         224
         207
          64
         229
         139
         222
          19
         232
         204
          25
         221
         156
         130
         127
         140
         240
         163
          79
         316
         265
         220
          84
         105
          47
         305
          75
         154
         229
         198
         267
         319
         285
         207
         242
         231
          73
         115
         197
          85
          88
          93
         313
         155
         303
         105
         240
          79
          66
         116
          84
          86
         265
         163
         135
         130
         222
         156
          19
         204
         216
         139
          15
         127
          44
          19
         139
         156
         127
         204
         216
          15
         232
         221
          41
         204
         130
          44
          15
         216
         221
          19
         117
          77
         327
         266
         262
          17
         160
         317
         264
         253
         137
         188
         215
         233
         323
          59
         245
         123
          48
         274
         189
          60
         277
         200
         304
         324
         270
         286
          14
          33
         246
         159
         102
           9
         313
         115
         279
         303
          93
          85
         199
         244
          43
          11
         298
          18
         120
         337
         297
         335
         338
         336
         339
         207
         198
         305
         242
         267
         218
         319
         154
          64
          75
         163
         116
          86
          66
         105
         220
         215
          84
         319
         240
          85
          87
          88
          26
         103
         115
         109
         219
         303
          93
          25
         139
         107
         141
          76
         127
         264
         222
         213
         216
         123
         323
         225
         189
         247
          59
         245
         274
          48
         129
         275
          36
         332
         125
          91
         252
         318
         134
          74
         128
         288
         212
         293
          10
         172
         124
         175
         173
         193
         273
          51
         302
         117
         126
          68
         191
         292
          77
         328
         205
         215
         242
          64
         113
         326
          69
         137
         319
         131
         138
         142
         114
         190
         101
         258
         257
          99
          29
         256
         210
         194
          40
         269
         186
         134
          91
         125
         275
         234
          36
         220
         105
          84
         321
          79
         265
         217
         163
         116
         140
          90
          63
          92
          14
         112
         108
          23
         255
         203
          20
         229
         207
          64
         237
         319
         215
         198
         113
         305
         218
         310
         201
         111
         106
          72
         309
         290
         281
          67
         261
          61
         296
          85
         109
         103
          87
         312
         227
         164
         110
          48
         323
         225
         277
          59
         274
         233
         123
         320
         294
         158
         268
         304
         270
          33
         209
         226
         159
         102
          62
         291
         323
         233
         123
         225
         245
           8
          48
         189
          59
         132
         321
         197
          81
         315
         249
          83
         240
          84
          73
         140
          81
         316
         192
          47
          52
          84
         254
          89
         263
          53
         308
          57
          52
         254
          47
         284
         263
          46
           4
           1
          41
         271
         127
         206
          76
         107
           2
         152
         272
           6
          36
          39
         318
          35
         283
          22
         104
         149
         128
         202
          24
         317
         152
           2
         295
         224
         160
         148
         266
         263
         284
          53
          47
         289
         250
          57
          52
         308
           4
          92
          90
          14
          33
         200
         286
         226
          20
          62
         159
         162
         143
         165
          29
         180
         133
         190
          99
         111
          67
         210
          99
         258
         101
         190
         114
         203
         142
         159
         102
         210
         257
         142
         101
          99
         256
         190
         238
         159
         114
         170
         179
          97
         144
         261
         174
         181
          72
          60
         106
         177
         329
         208
         171
         203
         211
          80
          63
         167
         110
         106
          97
         144
          72
         181
         185
         157
         170
         233
         179
         266
          17
         224
         264
         160
         317
         188
         213
         137
         253
         254
          47
         289
          53
         284
           4
          57
          84
         250
          52
         262
          17
         266
         213
         188
         224
          76
         160
         107
         317
         163
          84
         240
         220
           4
         217
          47
         263
          86
         105
          17
         262
         224
         160
         264
         188
         317
         213
         137
         215
         305
         285
         198
         229
         218
          46
           4
         265
         207
         163
         112
         246
         209
         158
         270
         159
          90
         257
         210
         102
         186
          91
         134
          40
         239
         125
         194
         275
         234
          36
         159
          20
         112
         102
         246
         200
         226
         158
         324
         268
         251
           1
          41
         272
         152
         206
           2
          38
         127
          76
           2
         152
         295
          24
         253
           1
         317
         206
         202
         287
         193
          55
          10
         124
         172
         169
         288
         175
         235
         212
          59
          48
         189
         320
         225
         176
         245
         301
         277
         294
         234
          36
         125
          91
         332
         252
         134
         318
          39
          74
         281
         226
         324
         200
         201
         309
          14
         243
         310
         286
          48
         245
         320
         274
         294
          59
          55
         225
         176
         323
         313
         199
         227
           9
         279
         115
          93
          16
         244
          85
          93
           9
         115
         313
         227
         155
         199
          88
          73
          85
         153
         287
         122
         148
         154
         285
         295
          49
          24
         202
         201
         309
         243
         310
         304
         226
         324
         290
         111
          33
          42
          50
          45
         311
         150
         306
           7
         303
          43
         314
         149
          22
         104
          54
          35
          12
           6
          39
           5
         126
         254
         289
         263
         250
           3
          53
          21
          47
          37
          52
         267
         153
         305
         154
         218
         198
          46
         122
          49
         316
         159
          62
         102
         190
         162
          33
         133
          99
          29
         324
         153
         295
         280
         154
          24
         148
         122
         285
         202
         218
         212
         235
         172
          10
         293
         173
         175
         124
         273
         193
         254
         263
         284
          53
          47
         315
         250
         119
           3
          81
         106
         310
         261
         185
         291
         243
          72
         309
         247
         181
         247
         323
           8
         233
         123
         225
         106
         290
         310
         245
         117
          51
         151
         205
          44
          77
         236
          56
         302
          38
         173
         235
         212
         288
         335
         336
         120
         337
         297
         298
         320
          95
          55
         193
         273
         169
         176
         124
          10
         175
          24
         287
         153
         154
         202
         253
         148
         280
         152
         317
          63
         312
         108
         110
         164
         100
         244
         241
         103
          70
         337
         336
         338
          11
          18
         120
         335
         298
         340
         342
         337
         336
         338
          11
          18
         120
         297
         335
         340
         342
          34
         202
         317
         137
         148
         319
         253
         160
         215
         224
         146
         145
         328
         214
         178
          30
          54
           5
         104
         236
         189
          59
         274
         123
         176
         129
          48
         320
         183
         225
         191
         151
         236
         205
          51
          77
         117
         292
          56
          44
         227
         313
          85
           9
         231
         244
         115
          45
         219
         109
          33
         226
         246
         158
         324
         286
          62
         201
         281
         270
         267
         198
         229
         218
         207
         285
         154
         242
         319
          75
          45
          50
         150
         147
         282
         303
         307
         296
          42
         244
          14
         255
         200
         147
         241
          90
          92
          20
         112
         226
          52
          53
         250
          57
          46
          47
         254
         263
           4
         316
         310
         201
         281
         243
         290
         106
         291
           8
         247
         261
         309
         106
         243
         290
         201
         291
         261
          72
         281
         247
           7
         282
          42
         314
         196
         150
          50
          45
         306
          37
         108
         100
         296
         164
          63
         161
         110
         103
         184
          32
         227
         115
           9
         279
          93
          88
         199
          85
         303
         182
           3
          37
          42
         199
           7
          43
         311
          21
         119
          50
         321
         155
          13
         334
          83
          84
          73
          81
         289
          86
          47
          57
          52
         217
         140
          53
         263
         308
          46
           4
         224
         253
         202
         160
         266
         262
          24
          17
         152
          34
          74
           6
         178
          35
         214
          39
         104
          22
         283
         252
         242
         215
         218
         137
         229
         154
         198
          75
         207
         237
         294
          95
         176
          55
         169
         193
         273
         274
         124
         277
         315
          81
          83
          84
         240
          13
         155
         334
          73
         197
         114
         101
          31
         142
         238
         257
         161
         211
         203
          80
         233
         225
         245
         123
         247
          48
          59
         189
         274
         291
         226
         286
         102
          29
         270
         304
         133
         159
         111
          33
          94
          70
          96
         100
         161
          80
         211
         164
         171
         260
         113
         138
          69
          64
          78
         131
         330
         237
         135
         242
         331
          30
         223
          68
         130
         117
          77
          44
         204
         216
         236
          30
          68
         300
         145
         146
         126
          51
         327
           5
         177
         208
         167
         260
         171
         211
         203
          96
          80
         110
         135
          69
         138
          78
          66
         326
         113
         105
         220
          79
         327
          30
         223
          68
         130
         328
          77
         117
         216
         204
         234
          74
         318
         275
         178
         214
          35
         252
          39
          36
         165
          67
         180
         174
         143
         111
         157
          72
         170
         168
          13
          83
         315
          16
         155
         321
          86
         116
         182
          73
         339
         336
         297
         298
         337
          11
          18
         120
         340
         338
         339
         298
         337
         120
         297
         335
          18
          11
         340
         338
         338
         120
         297
          11
         298
          18
         335
         336
         340
         342
         339
          18
         297
         337
         335
         336
          11
         120
         340
         342
         298
         120
          11
         335
         337
          18
         338
         336
         342
         340
         297
          18
         335
         337
          11
         338
         336
         339
         342
         298
         120
         335
          11
         340
         337
         336
         338
         339
         342
         297
         337
          11
         336
         340
         341
         338
         335
         339
         297
         298
         337
         336
         335
         340
         341
         342
         338
         339
         298
         120
         337
         338
         336
         340
         341
         342
         343
         339
         298
         297
