           5
         254
         302
          82
          25
         349
          21
         271
         305
         256
         394
         326
         317
         407
         241
         232
         258
         324
         398
         363
         290
          38
          45
         260
         404
         241
         233
         279
           6
         321
          33
         327
         302
          21
         254
         321
         301
         116
         344
          17
          30
         311
          10
          29
         281
          54
          17
           9
          40
         270
          12
          26
         215
         185
         344
         182
         281
          54
         195
          19
          12
         192
         277
           7
          17
          29
         277
          54
         281
          98
         308
         143
         187
         165
         270
         199
          54
          27
         348
          54
          30
           8
         282
         215
         160
          45
         104
          38
         314
          47
         317
         112
         255
         100
         109
         364
         239
         130
          31
          44
          40
         406
         339
          27
         337
         100
         209
          24
         274
          75
         339
         116
          10
         281
         277
          98
          30
          32
          54
         314
          48
         355
          38
         273
         360
          13
         344
         281
           9
         192
         222
          12
         282
         112
         308
         255
         239
          59
         352
          81
         116
         209
         292
         101
           6
          60
          24
          59
          50
          64
         368
         350
         294
         204
         338
         229
         295
         166
         205
         149
         273
         287
         209
         116
         143
          16
         100
         327
         302
          49
         405
         192
         348
         316
         288
         182
         251
         185
          36
         232
         226
         377
          12
          54
          30
          31
         277
         337
         143
          62
          13
         314
         160
         128
          43
         274
           7
          10
         337
          44
         281
          54
         277
          27
          12
         287
          17
         282
          54
          36
          54
          11
          44
          27
         187
          40
         247
         349
          54
         277
          27
         281
          17
          98
         321
         289
         280
         137
         183
         302
         190
         229
         104
           2
         237
         413
          42
         233
         393
         196
         408
         197
         153
         168
          95
          26
         309
          49
         308
         182
         222
         301
         360
         149
         159
         147
         125
         346
         210
           4
         360
         104
          13
         208
         347
          18
         341
         185
         251
         270
          26
         182
         416
          31
          15
         339
          12
          54
          27
           9
         248
          50
         403
         399
         219
         217
         188
         160
          13
          34
           2
         104
         314
          47
         299
          62
         314
         346
         256
         160
         274
         337
          31
         406
          54
         129
          98
         277
           4
          13
          89
         229
         325
         242
         226
           8
         376
          39
         270
         231
         186
         244
         324
          57
         255
           3
         261
         256
         241
         314
         159
         346
         164
         210
         360
         342
         222
          36
         364
         348
         309
         411
         232
          22
         350
          59
         305
         294
         251
         318
         341
          57
         118
         317
         265
         305
         251
         291
         245
         205
         236
         174
         213
         326
         323
         306
         313
         293
         193
         360
         296
         281
          27
          31
          11
         165
         195
          12
         284
         349
         281
         195
           9
          54
           7
         195
         281
          17
          55
         289
         399
          79
         341
         308
         264
          26
          36
          51
         352
         388
         357
         413
          34
         332
         235
         267
         204
          22
         239
         232
         251
          64
         130
         259
         116
         222
         301
          36
         183
         309
          59
         155
         317
          20
         250
         305
         244
         314
         394
          43
         256
         317
         390
         299
         389
          64
          22
         217
         181
         231
         253
         300
         182
         185
          22
          59
         231
         243
         108
          82
          67
         133
          71
          54
         113
          89
         227
         124
         319
          45
         122
         149
         116
         117
          65
         143
          36
         109
         327
          97
          86
         220
         190
         142
         140
         138
         134
          88
          92
         140
         115
          75
         100
         114
          99
          71
         113
         109
         165
         140
          70
         113
         140
         114
          99
          65
         109
         132
         230
         243
         247
         377
         214
         223
         115
          98
         113
          78
          75
          44
         337
          85
          76
          92
          94
         119
          80
         218
          16
         100
         101
          24
          69
         134
          92
          92
          74
         109
          90
          81
          78
         102
          90
         118
          88
         109
         105
          76
         117
         100
          81
         102
         140
         134
         230
         165
         190
         115
         259
         117
         113
          71
         133
         107
         146
         122
         103
         126
         159
         149
          78
         117
         143
         134
         102
          90
         304
          65
         108
         190
          67
         133
         327
         121
          93
         292
          86
         265
         319
          92
         220
         228
         280
         167
         275
         111
         269
         137
          74
          94
         119
          76
         112
          92
         299
         135
         319
         123
          92
          97
          90
          68
         176
         154
         276
         120
         214
         213
         169
         115
          77
          81
          90
         134
         140
          69
          45
          66
         119
         145
         107
         146
         154
         118
         134
          77
         105
         135
         109
          86
         165
         195
          81
          11
          98
         337
          54
         123
          76
         134
          86
         100
         319
          90
          86
         319
          97
         124
          83
          66
         262
         106
          85
         128
         119
          74
         112
         159
         140
         135
         157
         153
         102
         109
         110
         109
         161
         117
         114
          84
         351
         127
          68
         220
          86
         152
         142
         351
         161
         277
         337
          54
          17
          44
         281
         115
          70
         114
         187
         109
         132
         186
         113
          78
         224
         274
         330
          16
         251
         377
          75
         116
          16
          24
          21
          92
          67
          78
          95
         127
         140
         153
         117
          81
         126
         148
         227
         149
         355
         146
          80
          38
         160
          13
         360
         148
         210
         194
         118
         341
          90
         251
          36
          57
          26
          94
         128
         119
          85
          13
         107
          28
          80
         146
         159
         122
         119
          89
         126
         133
          65
         197
         190
         284
         302
         327
         114
          70
         117
         135
          95
          96
         259
         290
          95
         135
         359
         259
         226
         178
          84
         301
         264
         352
         228
         308
         269
         100
          20
          14
         239
         255
         226
         251
          70
          71
         114
         165
          99
         109
         187
          70
         109
         259
          99
          96
         113
         222
         337
          73
         230
         129
         140
          79
          98
          60
         327
          36
         222
          67
         287
         309
         143
         133
          36
         183
         109
         140
          67
         105
          90
         341
          36
         251
         155
         100
          85
          89
         107
         106
          94
         118
          90
         243
         204
         170
         200
         244
         217
         253
         337
         190
         140
         327
         129
         343
         153
         355
         159
         227
         149
         148
         126
         147
          92
         116
          86
         109
         134
         327
          67
         144
         218
         135
         172
          66
         139
         227
         394
         390
         314
         306
         346
         171
          37
         148
         227
         103
         149
         146
         210
         122
         197
         211
         161
         102
         133
          35
         117
          94
         106
         314
          18
          13
          43
          38
         230
         337
         153
         140
         115
         310
         223
         157
          59
         272
         274
          26
         251
         224
         175
         212
         377
         287
         412
         288
         297
         186
         259
         167
         244
         230
         298
          99
         108
         117
         197
         127
         302
         190
          84
          78
          69
          92
          90
         140
         100
         230
         157
          95
         109
          86
         110
         124
          90
         169
         176
         139
         305
         249
         154
         307
         289
          84
         183
         280
         275
         167
         141
         197
         190
         183
         153
         298
         167
         179
         176
         202
         144
         136
         171
         172
         295
         153
         230
         259
          70
          95
          78
         117
         247
         300
         219
         186
         187
         199
         153
         220
         359
         371
          97
         408
         330
         138
         304
         377
         287
         282
         117
         409
         222
         172
         202
         124
         171
         139
         176
         295
          37
         147
         148
         210
         146
         126
         203
         159
         107
         295
         126
         149
          80
         346
         360
          37
         355
         210
         145
         296
         203
         210
         126
         227
         355
         360
         149
         296
         227
         360
          37
         126
         193
         210
         148
         293
         257
         392
         357
         296
         388
         323
         216
         219
         168
         217
         238
         248
         170
          97
         135
         132
         356
         142
          86
         382
         140
         230
         377
         259
         129
          95
         298
         176
         136
         317
          51
         118
         249
         139
         250
          36
         364
          49
         377
         409
         232
         170
         294
         383
         373
         315
         307
         180
         135
         290
         130
          95
         274
         224
         109
         180
         156
         207
         278
         362
         262
         293
          48
         346
         146
          37
         314
         218
         149
          13
         314
         346
         274
          48
         218
         104
         127
          96
         197
         220
         211
         351
         133
         194
         160
         272
          72
         381
         203
         330
         203
         295
         379
         296
         144
         257
         360
         342
         218
         346
         257
          48
         363
         202
          70
          11
         153
         187
         140
          54
         143
          23
         273
         263
         149
         193
         295
         159
         179
         183
         280
         269
         275
         259
         132
         300
         219
         243
         178
         217
         153
          35
         315
         136
         307
         176
         201
         305
         249
         315
         307
         253
         156
         204
         175
         120
         202
         252
         295
         205
         176
         249
         260
         144
         202
         171
         124
         139
         149
         296
         227
         148
         296
         360
         210
         147
         149
         245
         296
         323
         205
          23
         291
          52
         412
         307
         315
         131
         297
         312
         170
         198
         202
         171
         249
         252
         154
         169
         226
         342
         260
         241
         233
         290
         184
         243
         290
         201
         180
         196
         300
         168
         167
         183
         197
         351
         393
         302
         275
         178
         290
         158
         207
         278
         156
         362
         198
         366
         372
         221
         204
          50
         272
          26
         377
         251
         185
         300
         186
          36
         167
         280
         179
         312
          60
         309
         348
         205
         171
         176
         202
         229
         177
         388
         251
          26
         377
         341
         182
         300
          39
         244
         182
         132
          26
         377
         230
         243
         247
          11
         222
         143
         165
          70
          99
         216
         151
         403
         200
         399
         219
         217
         394
         390
         317
         341
           3
         258
         365
         327
         138
         108
         133
         282
         287
         121
         280
         167
         302
         269
         179
         220
          84
         222
         328
         259
         282
         327
         288
          25
         336
         149
         306
         354
         342
         260
         262
         104
         272
         203
         148
         160
         150
         267
         281
         399
          54
           9
         284
          12
          11
         232
         290
         300
          35
         288
         224
         405
         179
         138
         127
         133
          35
         108
         183
         176
         202
         181
         366
         178
         249
         221
          11
         416
         409
         247
         304
         244
         270
         243
         244
         120
         186
         399
         217
         253
         178
         315
         169
         175
         243
         362
         303
         171
         176
         205
         144
         172
         198
         260
         296
         163
         360
         323
         210
         295
         148
          59
         350
         217
         196
         170
         120
         409
         171
         325
         396
         295
         202
         260
         229
         246
         392
         213
         313
         150
          53
         293
         362
         290
         303
         340
         232
         258
         262
         347
         360
         257
          38
         210
         104
         218
         292
          24
         222
         309
         287
         327
         116
         360
         148
         355
         323
          48
         149
         147
         127
         383
          35
         102
         234
         170
         161
         131
         215
         377
         258
         318
         300
         331
         245
         291
         174
          52
         296
         206
         205
         243
         176
         178
         201
          72
         200
         120
         185
         300
         131
         212
         318
         344
         412
         151
         219
         217
         170
         253
         403
         200
         350
         204
         409
         253
         300
         244
         168
         346
         164
         347
         159
         124
         274
          48
         168
         300
         151
         217
         141
         307
         178
         351
         359
         142
         345
         327
         209
          97
         326
         181
         315
         249
         340
         169
         350
         282
         328
         192
         259
         309
         348
          60
         230
         377
         251
         182
         186
         153
         129
         274
         303
         251
         232
         305
         377
         290
         363
         340
         164
         272
         236
         207
         260
         241
          26
           3
         182
         232
         177
         251
         148
         126
         149
         296
         173
         122
         360
         280
         312
         275
          84
         301
         269
         183
         336
         205
         171
         260
          23
         236
         306
         140
         153
         377
         129
         259
         182
         298
         244
         300
          64
         217
         376
         350
         186
           3
         196
         290
         241
         258
          26
         224
           4
         237
         164
         194
         342
         208
         177
         383
         168
          35
         196
         366
         318
         204
         332
         213
         357
         413
         240
         174
         184
         336
         295
         205
         249
         245
         252
         229
         260
         336
         225
         233
         236
          34
         177
         294
         401
         403
         253
         170
          64
         389
          59
         232
         255
         364
         196
         241
         363
         235
         203
         210
         323
         148
         387
         296
           3
         232
         226
         258
         363
         324
         290
         260
         205
          45
         336
         229
         325
          51
         178
         244
         300
         200
         168
         186
         251
         186
         231
         243
         200
         132
          26
         217
         291
          52
         213
         236
         205
         326
         237
         206
         357
         413
         395
         235
         213
         392
         377
         187
         416
         300
          11
         199
         182
         238
         243
          64
          50
         151
         217
          22
         252
         305
         171
         176
         295
         202
         236
         155
         409
         364
         305
         416
         377
          49
         377
         185
          26
         341
         305
         224
         182
         249
         171
         295
         176
         202
         336
         236
         389
         307
         170
         350
         217
         315
         238
         167
         179
         269
         280
         302
         275
         183
         364
         239
         363
         411
         256
           3
         324
         271
         390
         324
         255
         261
         394
         258
         164
         347
         150
         410
         392
         360
         208
           3
         232
         283
         224
         241
         290
         303
          60
         282
         222
         132
         230
         298
         167
         336
         171
         207
         205
         342
         202
         229
         390
         324
         394
         346
         299
         256
         262
         345
         331
         207
         319
         261
         362
         258
         295
         166
         236
         325
         249
         252
         225
         352
         308
          57
         301
         341
         111
          51
         292
         255
         411
          51
         351
         118
         266
         331
         311
         345
         297
         415
         319
         356
         258
         381
         271
         375
         384
         303
         322
         384
         375
         303
         318
         362
         381
         258
         280
         275
         167
         228
         183
          84
         312
         251
          26
         185
         377
          11
         182
           8
         324
         258
         256
           2
         390
           3
         378
         130
         225
         366
          59
         164
         290
         363
         236
         166
          18
          23
         295
          48
         229
         224
         100
         346
         299
         303
         160
         232
         269
         280
         228
         167
         179
         312
          84
         305
         251
         207
         258
         362
          59
         341
          98
          54
          27
          32
          17
         337
          44
         402
         207
         362
         303
         369
         392
         180
         325
           4
          45
         260
          38
          37
         149
         167
         183
         228
         269
         275
         312
         282
         284
          54
         195
           9
         349
          19
          17
         287
         222
         259
         327
         288
         301
         309
         258
           3
         215
         311
         241
         232
         185
         281
         349
         289
         108
          54
         195
         285
         316
         228
         334
          84
         289
         231
         352
         283
          57
         215
         331
         311
         258
          51
         282
         327
         131
         309
         143
         348
         301
         348
         298
         311
         309
         282
         131
         297
         316
         137
         284
         281
         285
          33
         108
         207
         232
         362
         303
         196
         258
         224
         245
          52
         332
         213
         414
         236
         205
         209
         411
         265
         351
         220
          49
         415
         150
         296
         313
         149
         257
         347
         360
         350
         318
         156
         196
         307
         238
         389
         171
         252
         205
         249
         236
         325
         146
         203
         227
         360
         149
         148
         293
         323
         311
         412
         175
         312
         131
         288
         266
         288
         348
         259
         183
         309
         282
         230
         317
         346
         274
         261
         394
         390
         314
         377
          64
         185
         196
         182
         318
         168
          60
         282
         228
          36
         309
         280
         311
         280
         179
          25
         312
         228
         133
         348
         290
         224
         207
         362
         258
         268
         345
         143
         377
         341
         282
         287
          11
         131
         251
         224
         250
         341
         249
         276
         377
         336
         413
         313
         125
         390
         193
         229
         315
         175
         170
         253
         169
         409
         131
         352
          36
          11
          57
         264
         117
          26
         311
         348
          36
         288
         222
         376
         287
         230
         215
         375
         212
         298
         318
         288
         309
         288
         297
         266
         331
         344
         282
         228
         297
         280
         412
         175
         183
         131
         306
         392
         293
         388
         354
         357
         150
          48
         346
          62
         125
         394
         160
         159
         307
         175
         170
         169
         201
         253
         156
         289
         285
         231
         192
         183
         302
          25
         299
         305
         394
         189
          62
         249
         341
         196
         300
         294
         377
         409
         368
         268
         266
         345
         262
          86
         331
         290
         261
         373
         393
         353
         371
         359
         405
         356
          33
         280
         282
         302
         301
         228
          30
         380
         381
         362
         303
         375
         258
         371
         360
         210
         203
         296
         387
         306
         150
           3
         261
         390
         271
         346
         258
         241
         279
         205
         295
         171
         202
         260
         229
         249
         221
         336
           2
         236
         305
         245
         287
         282
         116
         222
         190
         348
          60
         222
         192
         209
         143
         270
         116
         361
         300
         131
         412
         175
         219
         141
         212
         224
         100
         375
         303
         339
         371
         230
         266
         345
         311
         131
         297
         362
         262
         291
         245
          52
         213
         235
         236
         414
         305
         409
         377
         224
         350
         318
         407
         285
         217
         316
         350
         409
         389
          25
         376
         228
         301
         312
         186
         244
         416
         306
         260
         229
         342
         390
         236
         193
          44
         129
          98
         115
         343
         230
          54
          23
         229
         149
         323
         174
         336
         193
         398
         100
         330
         348
         182
         309
         224
         207
         225
         290
         362
         232
         249
         260
         251
         185
          57
         305
         377
          26
         304
         164
         336
         260
         177
          48
         241
         324
         337
         153
         230
         129
         165
         140
         406
         311
         376
         301
         282
         215
         288
         309
         331
         415
         262
         266
         258
         303
         319
         218
         314
          48
         159
         324
         390
         164
         360
         208
         257
         218
          38
         346
         303
         288
         309
         222
         282
          49
         183
         298
         284
         281
          32
          54
          55
          19
           9
         294
         217
         204
         409
          50
         253
         389
         220
         359
         179
         183
         167
         312
         356
         308
         264
          36
         117
          26
          11
         228
         405
         393
         196
         374
          35
         320
         408
         390
         193
         262
         306
         313
         378
         303
         210
         360
         148
         122
         147
          18
         149
         224
         297
         303
         351
         266
         345
         290
         388
         413
         306
         235
          58
         150
         313
         396
         205
         171
         295
         252
          23
         325
         351
         220
         290
         196
         408
         348
         142
         210
         323
         147
         355
         149
          37
         347
         328
         192
         348
         401
         327
         282
         222
         207
         290
         303
         258
         369
         232
         331
         411
           3
         241
         225
         364
         232
         324
         411
         255
          49
         250
         363
         232
           3
         394
         125
         189
         390
         303
         169
         384
         198
         372
         378
         278
         234
         181
         272
         375
         330
         368
         224
         381
         268
         318
         318
         196
          22
         398
          35
         300
         294
         362
         207
         260
         278
         400
         283
         171
         327
         209
         116
          16
          24
          68
         339
         408
         380
         322
         345
         330
         359
         318
         366
         181
         350
          50
         219
         294
         217
         320
         156
         393
         294
         405
         353
         318
         405
         288
         408
         298
         359
         348
         353
         268
         258
         381
         322
         267
         310
         303
         309
         311
          26
         344
         288
         297
         312
         251
         300
         182
         185
         409
         304
         131
         303
         271
         366
         268
         278
         381
         410
         163
         257
         147
         144
          37
         360
         295
         322
         371
         297
         288
         381
         131
         215
         375
         322
         267
         268
         384
         303
         380
         410
         274
         257
         303
         152
         218
         290
         234
         318
         368
         156
         409
         168
         196
         268
         381
         375
         267
         303
         322
         378
         401
         294
         361
         318
         215
         409
          25
         206
         313
         293
          53
         158
         150
         392
         323
         210
          48
         306
         235
          34
         357
         357
          58
         313
         150
         392
         184
         413
         253
         350
         294
         307
         217
         238
          22
         394
         261
         324
         125
         346
         336
         189
         411
         363
         157
         359
         164
         274
         356
         257
         278
         313
         150
         388
         357
         402
          35
         353
         179
         405
         196
         408
         373
         390
         125
         261
         189
          62
         299
         314
         357
         235
         414
         252
         332
         413
         291
         205
         171
         358
         295
         325
         260
         229
         234
         168
         383
         156
         373
         393
         372
         196
         232
           3
         182
         258
         377
         300
         195
         300
         200
         185
         199
         270
         168
         369
         294
         407
         402
         362
         271
         283
         300
         318
         294
         403
         238
         215
         368
         278
         366
         378
         392
         373
         400
         156
         401
         238
         219
         151
         399
         168
         217
           4
         390
         324
          37
           3
         125
          38
         353
         374
         288
         196
         348
         408
         393
         310
          12
          44
         337
         215
         129
         185
         305
         390
         271
         256
         394
         333
           2
          35
         359
         371
         374
         405
         348
         393
         377
         350
         250
         318
         300
         143
         196
         257
         164
         378
         382
         290
         208
         150
         364
         363
         232
           3
         292
          49
         255
         175
         131
         297
         312
         280
         215
         307
         357
         306
         229
         235
          58
         388
          34
         291
         332
         245
          52
         395
         213
         400
         345
         331
         266
         297
         262
         359
         348
         250
         247
         199
         377
          39
         409
         304
