          66
          65
          53
          57
          94
          52
          64
          60
          51
          59
           3
           7
           4
           5
           6
          26
          25
          86
          36
          76
           2
           7
           4
           5
           6
          26
          25
          86
          76
          36
           2
           7
           3
           5
           6
          26
          25
          86
          76
          36
           6
          26
           4
           7
          25
          86
          76
           3
           2
          56
          26
           5
          25
          86
          76
          56
          36
          46
          24
          85
           2
           3
           4
           5
           6
          26
          25
          86
          36
          76
          26
           6
          86
          25
          76
          36
           5
          85
          16
          56
          26
           6
          86
          36
          76
          25
           5
          85
          75
          56
          26
           6
          86
          76
          36
          25
           5
          75
          85
          46
          12
          13
          17
          14
          15
          16
          56
          66
          65
          46
          11
          13
          17
          14
          15
          16
          56
          66
          26
          46
          11
          12
          17
          14
          15
          16
          56
          66
          26
          46
          11
          12
          13
          17
          15
          16
          26
          56
          76
          66
          16
          26
          56
          76
          14
           6
          86
          46
          25
          17
          26
          56
          76
          86
          25
           6
          46
          15
          66
          55
          11
          12
          13
          14
          15
          16
          66
          56
          46
          65
          46
          96
          26
          56
          76
          66
           6
          45
          25
          95
          56
          46
          26
          96
          16
          55
           6
          76
          45
          86
          96
          56
           6
          26
          95
          76
          46
          55
          66
          16
          22
          23
          27
          24
          25
          26
          86
          85
          76
          87
          21
          23
          27
          24
          25
          26
          86
          76
          85
          75
          21
          22
          27
          24
          25
          26
          86
          76
          85
          75
          21
          22
          23
          27
          25
          26
          86
          76
          85
           6
          26
          24
          27
          23
          22
          86
          21
          76
           6
          56
          25
          86
          76
          24
          56
           6
          27
          23
          85
          22
          21
          22
          23
          24
          25
          26
          86
          85
          76
          87
          27
          26
          86
          87
          85
          25
          24
          84
          23
          30
          27
          26
          86
          25
          85
          87
          24
          76
          23
          84
          27
          26
          86
          87
          25
          85
          24
          84
          28
          23
          37
          32
          33
          34
          35
          36
          27
          21
          22
          23
          31
          37
          33
          34
          35
          36
          27
          25
          21
          22
          31
          37
          32
          34
          35
          36
          27
          25
          26
          24
          31
          37
          32
          33
          35
          36
          27
          26
          25
          24
          26
          36
          25
          86
          76
           6
          27
          24
          34
          23
          26
          25
          86
          76
           6
          24
          27
          56
          75
          85
          31
          32
          33
          34
          35
          36
          27
          21
          22
          23
          28
          36
          27
          26
          25
          35
          37
          34
          86
           6
          29
          86
           6
          26
          40
          85
          28
           5
          25
           7
          30
          36
          35
          37
          34
          26
          33
          32
          39
          31
          47
          42
          43
          44
          45
          59
          46
         100
          67
          60
          41
          47
          43
          44
          45
          46
          59
         100
          67
          60
          41
          47
          42
          44
          45
          46
          59
          56
          66
          96
          47
          41
          42
          43
          45
          46
          56
          26
          66
          96
          46
          26
          56
          76
          86
          25
          44
          66
          96
          55
          26
          56
          86
          76
          25
           6
          45
          96
          66
          55
          41
          42
          43
          44
          45
          59
          46
         100
          67
          60
          97
          60
          57
          91
          92
          93
          94
          51
          53
          52
          57
          51
          52
          53
          98
          97
          54
          55
          58
          91
          58
          99
          57
          67
          59
          98
          70
          62
          61
          63
          52
          57
          53
          54
          55
          56
          58
          60
          67
          59
          51
          57
          53
          54
          55
          56
          60
          58
          59
          67
          51
          57
          52
          54
          55
          56
          60
          58
          59
          66
          51
          57
          52
          53
          55
          56
          26
          66
          96
          46
          56
          26
          54
          86
          76
          25
          57
          46
          53
          66
          26
          86
          76
          25
          55
          46
           6
          96
          66
          85
          51
          52
          53
          54
          55
          58
          60
          59
          67
          56
          57
          59
          51
          52
          53
          60
          97
          54
          99
          55
          57
          58
          60
          51
          47
          52
          53
         100
          54
          55
          57
          97
          51
          59
          52
          53
          58
          54
          91
          92
          67
          62
          63
          64
          57
          51
          99
          52
          65
          58
          61
          67
          63
          64
          57
          51
          65
          52
          53
          99
          61
          67
          62
          64
          57
          65
          51
          52
          53
          58
          61
          67
          62
          63
          57
          65
          66
          51
          53
          52
          56
          66
          26
          55
          46
          76
          86
          96
          25
          57
          26
          56
          76
          86
          46
          25
          55
          96
           6
          16
          61
          62
          63
          64
          57
          51
          99
          52
          58
          53
          58
         100
          57
          59
          67
          60
          97
          47
          99
          61
          97
          57
          59
          91
          92
          60
          51
          93
          52
         100
          57
          60
          98
          97
          51
          58
          67
          52
          53
          91
          77
          72
          73
          74
          75
          76
          27
          26
          25
          24
          71
          77
          73
          74
          75
          76
          27
          26
          25
          24
          71
          77
          72
          74
          75
          76
          27
          26
          25
          24
          77
          71
          72
          73
          75
          76
          26
          25
          27
          86
          76
          26
          25
          86
          74
          77
          56
          73
          24
          27
          26
          25
          86
          75
          56
           6
          24
          85
          46
          36
          71
          72
          73
          74
          75
          76
          27
          26
          25
          24
          86
          28
          26
          85
          25
          30
          87
          84
          76
          27
          27
          26
          25
          29
          24
          86
          23
          22
          21
          76
          30
          86
          26
          85
          28
          25
          76
          56
          27
          87
          82
          87
          83
          84
          89
          85
          27
          86
          90
          88
          81
          87
          83
          84
          89
          85
          27
          86
          28
          30
          81
          82
          87
          84
          89
          85
          86
          27
          28
          30
          81
          87
          82
          83
          85
          86
          27
          26
          89
          25
          86
          26
          25
          84
          76
          27
          24
          87
          83
          56
          26
          25
          85
          76
          56
           6
          24
          27
          75
          46
          81
          82
          83
          89
          84
          85
          27
          88
          90
          28
          90
          87
          27
          89
          81
          29
          21
          82
          22
          30
          87
          81
          82
          83
          84
          27
          85
          88
          90
          30
          88
          27
          87
          81
          89
          21
          29
          22
          82
          28
          97
          92
          93
          94
          99
          60
          57
          69
          58
         100
          91
          97
          93
          94
          60
          57
          99
          95
          58
          69
          91
          97
          92
          94
          57
          60
          95
          99
          58
          51
          91
          97
          92
          93
          95
          57
          96
          60
          58
          56
          96
          56
          26
          55
          46
          86
          76
          66
          25
          54
          26
          56
          86
          76
          46
          25
          55
           6
          66
          75
          91
          92
          93
          94
          99
          60
          57
          69
          58
         100
          57
         100
          97
          51
          52
          70
          59
          53
          99
          91
          97
          91
          67
          58
          92
          93
          57
          61
          60
          98
          98
          57
          97
          59
          47
          68
          51
          91
          99
          52
